   0.13137        0.0000    
   0.13411        0.0000    
   0.13685        0.0000    
   0.13959        0.0000    
   0.14233        0.0000    
   0.14507        0.0000    
   0.14781        0.0000    
   0.15055        0.0000    
   0.15329        0.0000    
   0.15603        0.0000    
   0.15877        0.0000    
   0.16151        0.0000    
   0.16425        0.0000    
   0.16699        0.0000    
   0.16973        0.0000    
   0.17247        0.0000    
   0.17521        0.0000    
   0.17795        0.0000    
   0.18069        0.0000    
   0.18343        0.0000    
   0.18617        0.0000    
   0.18891        0.0000    
   0.19165        0.0000    
   0.19439        0.0000    
   0.19713        0.0000    
   0.19987        0.0000    
   0.20261        0.0000    
   0.20535        0.0000    
   0.20809        0.0000    
   0.21083        0.0000    
   0.21357        0.0000    
   0.21631        0.0000    
   0.21905        0.0000    
   0.22179        0.0000    
   0.22453        0.0000    
   0.22727        0.0000    
   0.23001        0.0000    
   0.23275        0.0000    
   0.23549        0.0000    
   0.23823        0.0000    
   0.24097        0.0000    
   0.24371        0.0000    
   0.24645        0.0000    
   0.24919        0.0000    
   0.25193        0.0000    
   0.25467        0.0000    
   0.25741        0.0000    
   0.26015        0.0000    
   0.26289        0.0000    
   0.26563        0.0000    
   0.26837        0.0000    
   0.27111        0.0000    
   0.27385        0.0000    
   0.27659        0.0000    
   0.27933        0.0000    
   0.28207        0.0000    
   0.28481        0.0000    
   0.28755        0.0000    
   0.29029        0.0000    
   0.29303        0.0000    
   0.29577        0.0000    
   0.29851        0.0000    
   0.30125        0.0000    
   0.30399        0.0000    
   0.30673        0.0000    
   0.30947        0.0000    
   0.31221        0.0000    
   0.31495        0.0000    
   0.31769        0.0000    
   0.32043        0.0000    
   0.32317        0.0000    
   0.32591        0.0000    
   0.32865        0.0000    
   0.33139        0.0000    
   0.33413        0.0000    
   0.33687        0.0000    
   0.33961        0.0000    
   0.34235        0.0000    
   0.34509        0.0000    
   0.34783        0.0000    
   0.35057        0.0000    
   0.35331        0.0000    
   0.35605        0.0000    
   0.35879        0.0000    
   0.36153        0.0000    
   0.36427        0.0000    
   0.36701        0.0000    
   0.36975        0.0000    
   0.37249        0.0000    
   0.37523        0.0000    
   0.37797        0.0000    
   0.38071        0.0000    
   0.38345        0.0000    
   0.38619        0.0000    
   0.38893        0.0000    
   0.39167        0.0000    
   0.39441        0.0000    
   0.39715        0.0000    
   0.39989        0.0000    
   0.40263        0.0000    
   0.40537        0.0000    
   0.40811        0.0000    
   0.41085        0.0000    
   0.41359        0.0000    
   0.41633        0.0000    
   0.41907        0.0000    
   0.42181        0.0000    
   0.42455        0.0000    
   0.42729        0.0000    
   0.43003        0.0000    
   0.43277        0.0000    
   0.43551        0.0000    
   0.43825        0.0000    
   0.44099        0.0000    
   0.44373        0.0000    
   0.44647        0.0000    
   0.44921        0.0000    
   0.45195        0.0000    
   0.45469        0.0000    
   0.45743        0.0000    
   0.46017        0.0000    
   0.46291        0.0000    
   0.46565        0.0000    
   0.46839        0.0000    
   0.47113        0.0000    
   0.47387        0.0000    
   0.47661        0.0000    
   0.47935        0.0000    
   0.48209        0.0000    
   0.48483        0.0000    
   0.48757        0.0000    
   0.49031        0.0000    
   0.49305        0.0000    
   0.49579        0.0000    
   0.49853        0.0000    
   0.50127        0.0000    
   0.50401        0.0000    
   0.50675        0.0000    
   0.50949        0.0000    
   0.51223        0.0000    
   0.51497        0.0000    
   0.51771        0.0000    
   0.52045        0.0000    
   0.52319        0.0000    
   0.52593        0.0000    
   0.52867        0.0000    
   0.53141        0.0000    
   0.53415        0.0000    
   0.53689        0.0000    
   0.53963        0.0000    
   0.54237        0.0000    
   0.54511        0.0000    
   0.54785        0.0000    
   0.55059        0.0000    
   0.55333        0.0000    
   0.55607        0.0000    
   0.55881        0.0000    
   0.56155        0.0000    
   0.56429        0.0000    
   0.56703        0.0000    
   0.56977        0.0000    
   0.57251        0.0000    
   0.57525        0.0000    
   0.57799        0.0000    
   0.58073        0.0000    
   0.58347        0.0000    
   0.58621        0.0000    
   0.58895        0.0000    
   0.59169        0.0000    
   0.59443        0.0000    
   0.59717        0.0000    
   0.59991        0.0000    
   0.60265        0.0000    
   0.60539        0.0000    
   0.60813        0.0000    
   0.61087        0.0000    
   0.61361        0.0000    
   0.61635        0.0000    
   0.61909        0.0000    
   0.62183        0.0000    
   0.62457        0.0000    
   0.62731        0.0000    
   0.63005        0.0000    
   0.63279        0.0000    
   0.63553        0.0000    
   0.63827        0.0000    
   0.64101        0.0000    
   0.64375        0.0000    
   0.64649        0.0000    
   0.64923        0.0000    
   0.65197        0.0000    
   0.65471        0.0000    
   0.65745        0.0000    
   0.66019        0.0000    
   0.66293        0.0000    
   0.66567        0.0000    
   0.66841        0.0000    
   0.67115        0.0000    
   0.67389        0.0000    
   0.67663        0.0000    
   0.67937        0.0000    
   0.68211        0.0000    
   0.68485        0.0000    
   0.68759        0.0000    
   0.69033        0.0000    
   0.69307        0.0000    
   0.69581        0.0000    
   0.69855        0.0000    
   0.70129        0.0000    
   0.70403        0.0000    
   0.70677        0.0000    
   0.70951        0.0000    
   0.71225        0.0000    
   0.71499       0.30779E-01
   0.71773       0.17017    
   0.72047       0.93968    
   0.72321        1.8136    
   0.72595        2.2989    
   0.72869        2.2013    
   0.73143        2.0503    
   0.73417        2.0601    
   0.73691        2.0655    
   0.73965        1.8777    
   0.74239        1.9168    
   0.74513        1.9756    
   0.74787        1.7402    
   0.75061        1.7634    
   0.75335        2.0001    
   0.75609        1.8519    
   0.75883        1.7098    
   0.76157        1.6936    
   0.76431        1.7354    
   0.76705        1.6275    
   0.76979        1.7638    
   0.77253        1.7250    
   0.77527        1.4772    
   0.77801        1.5225    
   0.78075        1.5967    
   0.78349        1.5013    
   0.78623        1.3236    
   0.78897        1.4444    
   0.79171        1.3233    
   0.79445        1.4103    
   0.79719        1.2273    
   0.79993        1.2295    
   0.80267        1.2106    
   0.80541        1.1747    
   0.80815        1.2700    
   0.81089        1.2922    
   0.81363        1.1612    
   0.81637        1.1231    
   0.81911        1.1692    
   0.82185        1.2113    
   0.82459        1.0909    
   0.82733        1.1527    
   0.83007        1.0733    
   0.83281        1.0241    
   0.83555        1.2235    
   0.83829        1.1035    
   0.84103        1.1186    
   0.84377        1.0671    
   0.84651        1.0226    
   0.84925        1.0815    
   0.85199        1.1272    
   0.85473        1.0338    
   0.85747        1.2137    
   0.86021        1.0055    
   0.86295        1.0082    
   0.86569        1.1218    
   0.86843       0.99845    
   0.87117        1.0662    
   0.87391        1.1361    
   0.87665        1.1231    
   0.87939        1.1132    
   0.88213        1.0861    
   0.88487        1.0536    
   0.88761        1.2097    
   0.89035        1.0803    
   0.89309        1.1977    
   0.89583        1.1148    
   0.89857        1.1275    
   0.90131        1.0680    
   0.90405        1.0863    
   0.90679        1.2055    
   0.90953        1.1412    
   0.91227        1.1992    
   0.91501        1.0524    
   0.91775        1.1476    
   0.92049        1.1779    
   0.92323        1.0443    
   0.92597        1.2216    
   0.92871        1.2535    
   0.93145        1.0985    
   0.93419        1.0328    
   0.93693        1.0524    
   0.93967        1.0615    
   0.94241       0.98198    
   0.94515        1.1424    
   0.94789        1.1258    
   0.95063        1.1765    
   0.95337        1.0585    
   0.95611        1.0770    
   0.95885        1.1295    
   0.96159        1.0161    
   0.96433        1.0442    
   0.96707        1.0359    
   0.96981        1.0157    
   0.97255        1.1312    
   0.97529        1.0870    
   0.97803        1.1303    
   0.98077        1.1614    
   0.98351        1.1201    
   0.98625        1.0538    
   0.98899        1.0479    
   0.99173        1.0947    
   0.99447        1.0091    
   0.99721        1.0420    
   0.99995        1.1105    
    1.0027        1.0329    
    1.0054        1.0295    
    1.0082        1.0903    
    1.0109        1.0668    
    1.0136        1.0019    
    1.0164        1.0183    
    1.0191        1.0475    
    1.0219        1.0246    
    1.0246        1.1219    
    1.0273        1.0989    
    1.0301        1.0020    
    1.0328        1.0873    
    1.0356       0.99560    
    1.0383       0.97159    
    1.0410        1.0080    
    1.0438        1.0068    
    1.0465        1.0652    
    1.0493        1.0841    
    1.0520        1.0683    
    1.0547        1.0304    
    1.0575        1.1095    
    1.0602       0.98982    
    1.0630        1.0006    
    1.0657       0.97769    
    1.0684       0.96677    
    1.0712       0.95204    
    1.0739        1.0563    
    1.0767        1.0238    
    1.0794        1.0514    
    1.0821        1.0979    
    1.0849        1.0332    
    1.0876        1.0527    
    1.0904        1.0134    
    1.0931       0.98196    
    1.0958       0.99765    
    1.0986        1.0392    
    1.1013       0.95624    
    1.1041        1.0769    
    1.1068        1.0569    
    1.1095       0.98777    
    1.1123       0.94657    
    1.1150        1.0359    
    1.1178        1.0812    
    1.1205        1.0473    
    1.1233       0.97629    
    1.1260        1.0602    
    1.1287        1.0709    
    1.1315       0.97094    
    1.1342        1.0693    
    1.1370        1.0364    
    1.1397       0.97083    
    1.1424        1.0006    
    1.1452        1.0318    
    1.1479       0.99962    
    1.1506        1.0237    
    1.1534        1.1253    
    1.1561        1.0527    
    1.1589       0.97745    
    1.1616       0.93620    
    1.1643        1.0611    
    1.1671        1.0825    
    1.1698        1.0200    
    1.1726        1.0447    
    1.1753        1.0235    
    1.1780        1.0058    
    1.1808        1.1027    
    1.1835        1.0751    
    1.1863       0.98553    
    1.1890        1.0446    
    1.1917        1.0572    
    1.1945       0.95784    
    1.1972       0.94875    
    1.2000        1.0802    
    1.2027       0.99762    
    1.2054       0.97453    
    1.2082        1.0471    
    1.2109       0.95653    
    1.2137        1.0728    
    1.2164        1.0254    
    1.2191       0.99963    
    1.2219       0.98461    
    1.2246       0.99820    
    1.2274        1.0639    
    1.2301        1.0042    
    1.2328        1.0234    
    1.2356       0.96584    
    1.2383        1.0143    
    1.2411        1.0157    
    1.2438       0.99380    
    1.2465       0.96340    
    1.2493        1.0326    
    1.2520        1.0453    
    1.2548        1.0351    
    1.2575       0.93247    
    1.2602        1.0473    
    1.2630        1.0554    
    1.2657       0.99335    
    1.2685        1.0142    
    1.2712       0.99733    
    1.2739       0.96534    
    1.2767        1.0026    
    1.2794        1.0175    
    1.2822        1.0679    
    1.2849       0.99387    
    1.2876       0.97202    
    1.2904       0.96250    
    1.2931        1.0552    
    1.2959       0.95839    
    1.2986       0.98901    
    1.3013        1.0194    
    1.3041        1.0190    
    1.3068       0.97529    
    1.3096        1.0564    
    1.3123       0.99196    
    1.3151        1.0359    
    1.3178       0.92677    
    1.3205       0.96547    
    1.3233        1.0038    
    1.3260        1.0048    
    1.3288       0.96247    
    1.3315       0.99275    
    1.3342       0.97352    
    1.3370        1.0500    
    1.3397        1.0132    
    1.3424        1.0090    
    1.3452        1.0285    
    1.3479        1.0107    
    1.3507       0.94381    
    1.3534       0.95594    
    1.3561       0.98875    
    1.3589       0.94825    
    1.3616        1.0002    
    1.3644       0.95755    
    1.3671       0.94169    
    1.3698        1.0553    
    1.3726       0.98668    
    1.3753       0.91739    
    1.3781       0.99542    
    1.3808       0.97143    
    1.3835       0.96406    
    1.3863       0.99651    
    1.3890       0.95647    
    1.3918        1.0421    
    1.3945        1.0068    
    1.3972        1.0201    
    1.4000       0.99660    
    1.4027        1.0224    
    1.4055       0.97519    
    1.4082        1.0383    
    1.4109        1.0275    
    1.4137       0.96613    
    1.4164       0.95456    
    1.4192       0.98547    
    1.4219       0.97278    
    1.4246       0.94911    
    1.4274        1.0050    
    1.4301       0.99350    
    1.4329       0.97329    
    1.4356       0.94776    
    1.4383        1.0028    
    1.4411       0.97196    
    1.4438       0.96935    
    1.4466       0.96246    
    1.4493       0.94170    
    1.4520       0.98506    
    1.4548       0.99834    
    1.4575       0.96814    
    1.4603        1.0098    
    1.4630       0.97245    
    1.4657       0.92069    
    1.4685        1.0111    
    1.4712       0.98758    
    1.4740       0.92908    
    1.4767        1.0266    
    1.4794       0.99512    
    1.4822       0.99554    
    1.4849        1.0072    
    1.4877        1.0035    
    1.4904       0.96334    
    1.4931       0.98501    
    1.4959       0.97035    
    1.4986       0.99283    
