   0.13137        0.0000    
   0.13411        0.0000    
   0.13685        0.0000    
   0.13959        0.0000    
   0.14233        0.0000    
   0.14507        0.0000    
   0.14781        0.0000    
   0.15055        0.0000    
   0.15329        0.0000    
   0.15603        0.0000    
   0.15877        0.0000    
   0.16151        0.0000    
   0.16425        0.0000    
   0.16699        0.0000    
   0.16973        0.0000    
   0.17247        0.0000    
   0.17521        0.0000    
   0.17795        0.0000    
   0.18069        0.0000    
   0.18343        0.0000    
   0.18617        0.0000    
   0.18891        0.0000    
   0.19165        0.0000    
   0.19439        0.0000    
   0.19713        0.0000    
   0.19987        0.0000    
   0.20261        0.0000    
   0.20535        0.0000    
   0.20809        0.0000    
   0.21083        0.0000    
   0.21357        0.0000    
   0.21631        0.0000    
   0.21905        0.0000    
   0.22179        0.0000    
   0.22453        0.0000    
   0.22727        0.0000    
   0.23001        0.0000    
   0.23275        0.0000    
   0.23549        0.0000    
   0.23823        0.0000    
   0.24097        0.0000    
   0.24371        0.0000    
   0.24645        0.0000    
   0.24919        0.0000    
   0.25193        0.0000    
   0.25467        0.0000    
   0.25741        0.0000    
   0.26015        0.0000    
   0.26289        0.0000    
   0.26563        0.0000    
   0.26837        0.0000    
   0.27111        0.0000    
   0.27385        0.0000    
   0.27659        0.0000    
   0.27933        0.0000    
   0.28207        0.0000    
   0.28481        0.0000    
   0.28755        0.0000    
   0.29029        0.0000    
   0.29303        0.0000    
   0.29577        0.0000    
   0.29851        0.0000    
   0.30125        0.0000    
   0.30399        0.0000    
   0.30673        0.0000    
   0.30947        0.0000    
   0.31221        0.0000    
   0.31495        0.0000    
   0.31769        0.0000    
   0.32043        0.0000    
   0.32317        0.0000    
   0.32591        0.0000    
   0.32865        0.0000    
   0.33139        0.0000    
   0.33413        0.0000    
   0.33687        0.0000    
   0.33961        0.0000    
   0.34235        0.0000    
   0.34509        0.0000    
   0.34783        0.0000    
   0.35057        0.0000    
   0.35331        0.0000    
   0.35605        0.0000    
   0.35879        0.0000    
   0.36153        0.0000    
   0.36427        0.0000    
   0.36701        0.0000    
   0.36975        0.0000    
   0.37249        0.0000    
   0.37523        0.0000    
   0.37797        0.0000    
   0.38071        0.0000    
   0.38345        0.0000    
   0.38619        0.0000    
   0.38893        0.0000    
   0.39167        0.0000    
   0.39441        0.0000    
   0.39715        0.0000    
   0.39989        0.0000    
   0.40263        0.0000    
   0.40537        0.0000    
   0.40811        0.0000    
   0.41085        0.0000    
   0.41359        0.0000    
   0.41633        0.0000    
   0.41907        0.0000    
   0.42181        0.0000    
   0.42455        0.0000    
   0.42729        0.0000    
   0.43003        0.0000    
   0.43277        0.0000    
   0.43551        0.0000    
   0.43825        0.0000    
   0.44099        0.0000    
   0.44373        0.0000    
   0.44647        0.0000    
   0.44921        0.0000    
   0.45195        0.0000    
   0.45469        0.0000    
   0.45743        0.0000    
   0.46017        0.0000    
   0.46291        0.0000    
   0.46565        0.0000    
   0.46839        0.0000    
   0.47113        0.0000    
   0.47387        0.0000    
   0.47661        0.0000    
   0.47935        0.0000    
   0.48209        0.0000    
   0.48483        0.0000    
   0.48757        0.0000    
   0.49031        0.0000    
   0.49305        0.0000    
   0.49579        0.0000    
   0.49853        0.0000    
   0.50127        0.0000    
   0.50401        0.0000    
   0.50675        0.0000    
   0.50949        0.0000    
   0.51223        0.0000    
   0.51497        0.0000    
   0.51771        0.0000    
   0.52045        0.0000    
   0.52319        0.0000    
   0.52593        0.0000    
   0.52867        0.0000    
   0.53141        0.0000    
   0.53415        0.0000    
   0.53689        0.0000    
   0.53963        0.0000    
   0.54237        0.0000    
   0.54511        0.0000    
   0.54785        0.0000    
   0.55059        0.0000    
   0.55333        0.0000    
   0.55607        0.0000    
   0.55881        0.0000    
   0.56155        0.0000    
   0.56429        0.0000    
   0.56703        0.0000    
   0.56977        0.0000    
   0.57251        0.0000    
   0.57525        0.0000    
   0.57799        0.0000    
   0.58073        0.0000    
   0.58347        0.0000    
   0.58621        0.0000    
   0.58895        0.0000    
   0.59169        0.0000    
   0.59443        0.0000    
   0.59717        0.0000    
   0.59991        0.0000    
   0.60265        0.0000    
   0.60539        0.0000    
   0.60813        0.0000    
   0.61087        0.0000    
   0.61361        0.0000    
   0.61635        0.0000    
   0.61909        0.0000    
   0.62183        0.0000    
   0.62457        0.0000    
   0.62731        0.0000    
   0.63005        0.0000    
   0.63279        0.0000    
   0.63553        0.0000    
   0.63827        0.0000    
   0.64101        0.0000    
   0.64375        0.0000    
   0.64649        0.0000    
   0.64923        0.0000    
   0.65197        0.0000    
   0.65471        0.0000    
   0.65745        0.0000    
   0.66019        0.0000    
   0.66293        0.0000    
   0.66567        0.0000    
   0.66841        0.0000    
   0.67115        0.0000    
   0.67389        0.0000    
   0.67663        0.0000    
   0.67937        0.0000    
   0.68211        0.0000    
   0.68485        0.0000    
   0.68759        0.0000    
   0.69033        0.0000    
   0.69307        0.0000    
   0.69581        0.0000    
   0.69855        0.0000    
   0.70129        0.0000    
   0.70403        0.0000    
   0.70677        0.0000    
   0.70951        0.0000    
   0.71225        0.0000    
   0.71499       0.70351E-01
   0.71773       0.89451    
   0.72047        3.7544    
   0.72321        7.4735    
   0.72595        8.7607    
   0.72869        8.5933    
   0.73143        8.5249    
   0.73417        8.1361    
   0.73691        8.2496    
   0.73965        7.9461    
   0.74239        7.9855    
   0.74513        7.4329    
   0.74787        7.6760    
   0.75061        7.9591    
   0.75335        7.9568    
   0.75609        8.0211    
   0.75883        7.9594    
   0.76157        7.9991    
   0.76431        7.8110    
   0.76705        7.6560    
   0.76979        7.2337    
   0.77253        6.6213    
   0.77527        6.2791    
   0.77801        5.6556    
   0.78075        5.2215    
   0.78349        4.8884    
   0.78623        4.1744    
   0.78897        3.7121    
   0.79171        3.4426    
   0.79445        3.0842    
   0.79719        2.7022    
   0.79993        2.2552    
   0.80267        2.1212    
   0.80541        1.6078    
   0.80815        1.1426    
   0.81089       0.86145    
   0.81363       0.69946    
   0.81637       0.83306    
   0.81911       0.62313    
   0.82185       0.84528    
   0.82459       0.69422    
   0.82733       0.71261    
   0.83007       0.76664    
   0.83281       0.78429    
   0.83555       0.66325    
   0.83829       0.72289    
   0.84103       0.68005    
   0.84377       0.76089    
   0.84651       0.68382    
   0.84925       0.76045    
   0.85199       0.57906    
   0.85473       0.68612    
   0.85747       0.75511    
   0.86021       0.73208    
   0.86295       0.76064    
   0.86569       0.76184    
   0.86843       0.73021    
   0.87117       0.73451    
   0.87391       0.68282    
   0.87665       0.76045    
   0.87939       0.79351    
   0.88213       0.73370    
   0.88487       0.78371    
   0.88761       0.76747    
   0.89035       0.79961    
   0.89309       0.78344    
   0.89583       0.78426    
   0.89857       0.73216    
   0.90131       0.70834    
   0.90405       0.75631    
   0.90679       0.72714    
   0.90953       0.81515    
   0.91227       0.72924    
   0.91501       0.71951    
   0.91775       0.76592    
   0.92049       0.75606    
   0.92323       0.80169    
   0.92597       0.73141    
   0.92871       0.71407    
   0.93145       0.84201    
   0.93419       0.70057    
   0.93693       0.81682    
   0.93967       0.72042    
   0.94241       0.76686    
   0.94515       0.84042    
   0.94789       0.77803    
   0.95063       0.86309    
   0.95337       0.82599    
   0.95611       0.74504    
   0.95885       0.77257    
   0.96159       0.70497    
   0.96433       0.76865    
   0.96707       0.83881    
   0.96981       0.77433    
   0.97255       0.82700    
   0.97529       0.71602    
   0.97803       0.72142    
   0.98077       0.84825    
   0.98351       0.71340    
   0.98625       0.74410    
   0.98899       0.77905    
   0.99173       0.75876    
   0.99447       0.82050    
   0.99721       0.74140    
   0.99995       0.87222    
    1.0027       0.78698    
    1.0054       0.79826    
    1.0082       0.80056    
    1.0109       0.82042    
    1.0136       0.78318    
    1.0164       0.83771    
    1.0191       0.77045    
    1.0219       0.82229    
    1.0246       0.78792    
    1.0273       0.89234    
    1.0301       0.84735    
    1.0328       0.71222    
    1.0356       0.87613    
    1.0383       0.75893    
    1.0410       0.82960    
    1.0438       0.77986    
    1.0465       0.80041    
    1.0493       0.78807    
    1.0520       0.83271    
    1.0547       0.82031    
    1.0575       0.83818    
    1.0602       0.82985    
    1.0630       0.82359    
    1.0657       0.86290    
    1.0684       0.76003    
    1.0712       0.81883    
    1.0739       0.82830    
    1.0767       0.76786    
    1.0794       0.85657    
    1.0821       0.87335    
    1.0849       0.92624    
    1.0876       0.81327    
    1.0904       0.81864    
    1.0931       0.83711    
    1.0958       0.84604    
    1.0986       0.86417    
    1.1013       0.88953    
    1.1041       0.84824    
    1.1068       0.83303    
    1.1095       0.82710    
    1.1123       0.88480    
    1.1150       0.89311    
    1.1178       0.94271    
    1.1205       0.88082    
    1.1233       0.85158    
    1.1260       0.86872    
    1.1287       0.81687    
    1.1315       0.88315    
    1.1342       0.83171    
    1.1370       0.88161    
    1.1397       0.86699    
    1.1424       0.91451    
    1.1452       0.89300    
    1.1479       0.87168    
    1.1506       0.83698    
    1.1534       0.88707    
    1.1561       0.88624    
    1.1589       0.89377    
    1.1616       0.93953    
    1.1643       0.82071    
    1.1671       0.91423    
    1.1698       0.90666    
    1.1726        1.0087    
    1.1753       0.87707    
    1.1780       0.85680    
    1.1808       0.97374    
    1.1835       0.98368    
    1.1863       0.95039    
    1.1890       0.95714    
    1.1917       0.97649    
    1.1945       0.92790    
    1.1972       0.97541    
    1.2000       0.94755    
    1.2027       0.91992    
    1.2054       0.94050    
    1.2082       0.95317    
    1.2109       0.96419    
    1.2137       0.98274    
    1.2164       0.93426    
    1.2191       0.95880    
    1.2219       0.97257    
    1.2246       0.92925    
    1.2274       0.98629    
    1.2301       0.99527    
    1.2328       0.97754    
    1.2356       0.95554    
    1.2383       0.98063    
    1.2411       0.93544    
    1.2438       0.95603    
    1.2465       0.95472    
    1.2493       0.94046    
    1.2520       0.94065    
    1.2548       0.89229    
    1.2575       0.96658    
    1.2602       0.96380    
    1.2630       0.97512    
    1.2657       0.96950    
    1.2685       0.96392    
    1.2712       0.89857    
    1.2739       0.90994    
    1.2767       0.91155    
    1.2794       0.93237    
    1.2822       0.99129    
    1.2849       0.95983    
    1.2876       0.99913    
    1.2904       0.88420    
    1.2931        1.0283    
    1.2959       0.95036    
    1.2986        1.0090    
    1.3013       0.90123    
    1.3041       0.91198    
    1.3068       0.96476    
    1.3096       0.90174    
    1.3123        1.0181    
    1.3151       0.98393    
    1.3178       0.99149    
    1.3205       0.97449    
    1.3233       0.99613    
    1.3260       0.92299    
    1.3288       0.98284    
    1.3315       0.95091    
    1.3342       0.94069    
    1.3370       0.92175    
    1.3397       0.98060    
    1.3424       0.95914    
    1.3452       0.92791    
    1.3479       0.98600    
    1.3507       0.92902    
    1.3534        1.0038    
    1.3561       0.87753    
    1.3589        1.0675    
    1.3616       0.95050    
    1.3644       0.94427    
    1.3671       0.98138    
    1.3698       0.92714    
    1.3726       0.97236    
    1.3753       0.97562    
    1.3781       0.91967    
    1.3808       0.96789    
    1.3835        1.0251    
    1.3863       0.97780    
    1.3890       0.87725    
    1.3918       0.98056    
    1.3945       0.94088    
    1.3972       0.94525    
    1.4000       0.97252    
    1.4027       0.95844    
    1.4055       0.94561    
    1.4082        1.0122    
    1.4109       0.95634    
    1.4137       0.95151    
    1.4164       0.94223    
    1.4192       0.93079    
    1.4219        1.0095    
    1.4246        1.0311    
    1.4274       0.99953    
    1.4301       0.99570    
    1.4329       0.95139    
    1.4356       0.94122    
    1.4383       0.90830    
    1.4411       0.97845    
    1.4438       0.93377    
    1.4466       0.89264    
    1.4493       0.97487    
    1.4520       0.97973    
    1.4548        1.0100    
    1.4575       0.99988    
    1.4603       0.97927    
    1.4630       0.95565    
    1.4657       0.94162    
    1.4685        1.0194    
    1.4712        1.0281    
    1.4740       0.94046    
    1.4767       0.95552    
    1.4794        1.0074    
    1.4822        1.0007    
    1.4849       0.96434    
    1.4877       0.97095    
    1.4904       0.98560    
    1.4931        1.0153    
    1.4959       0.94022    
    1.4986       0.93278    
