0.71386	4.59E-03	4.59E-03	1.15E-02	2.30E-03
0.71459	1.38E-02	1.83E-02	2.98E-02	1.38E-02
0.71532	4.58E-02	1.60E-02	5.49E-02	4.58E-02
0.71604	1.16E-01	9.59E-02	8.68E-02	0.1073
0.71677	0.23012	0.221	0.22784	0.18455
0.7175	0.37518	0.4161	0.43202	0.44339
0.71822	0.6853	0.63764	0.71706	0.73976
0.71895	1.0508	1.0191	1.0734	1.0395
0.71968	1.5278	1.6182	1.5911	1.6995
0.7204	1.969	2.145	2.1901	2.0232
0.72113	2.7169	2.7214	2.7912	2.7349
0.72185	3.2887	3.2528	3.4527	3.3472
0.72258	3.7709	3.7574	4.1968	3.8269
0.72331	4.1951	4.3473	4.3495	4.1548
0.72403	4.439	4.6311	4.6824	4.5641
0.72476	4.6975	4.7332	5.112	4.9739
0.72549	4.8883	5.0017	4.9861	4.9861
0.72621	4.9895	4.7276	5.2647	4.8985
0.72694	4.645	4.4368	4.9507	4.84
0.72767	4.7397	4.5761	4.9806	4.8613
0.72839	4.5692	4.5648	4.9266	4.7677
0.72912	4.494	4.6239	4.8199	4.6768
0.72985	4.5092	4.2565	4.5927	4.6455
0.73057	4.3643	4.4169	4.724	4.4893
0.7313	4.2856	4.4388	4.3338	4.487
0.73203	4.2793	4.3077	4.5698	4.4497
0.73275	4.0244	4.1531	4.419	4.3079
0.73348	4.1949	4.1536	4.3733	4.1905
0.73421	4.0433	4.0498	4.0867	4.1909
0.73493	4.1263	3.9811	4.07	4.0916
0.73566	3.8024	3.9646	4.1376	4.0273
0.73638	3.9179	3.7582	3.9568	4.0302
0.73711	3.9404	3.8994	4.0136	3.7443
0.73784	3.7821	3.7305	3.8896	3.9176
0.73856	3.6309	3.7554	3.7704	3.7446
0.73929	3.5724	3.6901	3.7266	3.8058
0.74002	3.5782	3.6594	3.7257	3.6594
0.74074	3.5882	3.5157	3.6778	3.7248
0.74147	3.5642	3.5471	3.6004	3.4194
0.7422	3.4021	3.3829	3.4297	3.4339
0.74292	3.2766	3.3254	3.5905	3.4675
0.74365	3.2893	3.2533	3.5454	3.374
0.74438	3.4477	3.416	3.4793	3.3378
0.7451	3.287	3.3693	3.3229	3.0825
0.74583	3.0765	3.3774	3.2322	3.2806
0.74656	3.0411	3.0873	3.2973	3.3477
0.74728	3.1547	3.0708	3.3098	3.1568
0.74801	3.0209	3.0293	3.2239	3.0377
0.74874	3.0735	3.0464	3.1717	3.1612
0.74946	3.0384	3.0176	3.053	2.9905
0.75019	2.8225	3.0533	3.0117	3.1365
0.75091	2.9208	2.8149	2.9208	2.9436
0.75164	2.8116	2.8965	2.8986	2.9587
0.75237	2.8785	2.8413	3.0315	2.8537
0.75309	2.8544	2.7904	2.9535	2.7883
0.75382	2.7335	2.8427	2.8633	2.7253
0.75455	2.718	2.7242	2.8722	2.6214
0.75527	2.6861	2.6697	2.8031	2.6984
0.756	2.5109	2.7608	2.7997	2.7362
0.75673	2.6267	2.6349	2.8046	2.6921
0.75745	2.5115	2.4972	2.6747	2.5829
0.75818	2.6574	2.5087	2.6044	2.6187
0.75891	2.5304	2.5161	2.5751	2.7702
0.75963	2.4261	2.5113	2.5316	2.5316
0.76036	2.5713	2.4154	2.5592	2.4174
0.76109	2.5038	2.425	2.5603	2.4411
0.76181	2.4667	2.3255	2.4062	2.4344
0.76254	2.3594	2.5144	2.4036	2.3453
0.76327	2.3348	2.381	2.5116	2.3448
0.76399	2.3704	2.3504	2.4326	2.2
0.76472	2.2478	2.1197	2.3199	2.3039
0.76544	2.2076	2.2735	2.4434	2.2955
0.76617	2.2972	2.2194	2.2732	2.2353
0.7669	2.2689	2.1774	2.4202	2.2112
0.76762	2.0699	2.1951	2.3838	2.2944
0.76835	2.1196	2.0918	2.187	2.1771
0.76908	2.1017	2.1927	2.2086	2.2106
0.7698	2.0958	2.0898	2.234	2.1827
0.77053	2.2436	2.1115	2.1313	2.1253
0.77126	2.1568	2.1194	2.1607	2.204
0.77198	1.9366	2.0191	2.0565	2.1881
0.77271	2.1016	2.0957	2.131	2.033
0.77344	1.9959	1.9979	2.1642	1.9489
0.77416	1.8906	1.9668	1.9804	2.0488
0.77489	1.9592	1.9748	2.004	2.006
0.77562	1.8796	1.8894	1.9438	2.0042
0.77634	1.88	1.8819	1.9771	1.9111
0.77707	1.9056	1.8997	1.9482	1.8726
0.7778	1.9465	1.8691	1.9214	1.8246
0.77852	1.7034	1.9332	1.9409	1.8482
0.77925	1.733	1.8448	1.8737	1.8737
0.77997	1.7644	1.8087	1.9433	1.8779
0.7807	1.8264	1.8111	1.8975	1.8399
0.78143	1.7042	1.8039	1.8824	1.6658
0.78215	1.7393	1.8445	1.812	1.7354
0.78288	1.7265	1.6577	1.759	1.7456
0.78361	1.7405	1.7881	1.8205	1.75
0.78433	1.6763	1.7353	1.8286	1.6421
0.78506	1.7093	1.7207	1.7568	1.6675
0.78579	1.6531	1.6891	1.7706	1.6626
0.78651	1.7711	1.5479	1.6954	1.7636
0.78724	1.63	1.5242	1.6243	1.7395
0.78797	1.6817	1.6911	1.725	1.7571
0.78869	1.6014	1.639	1.7181	1.5713
0.78942	1.5477	1.4257	1.6266	1.6605
0.79015	1.5599	1.5768	1.5993	1.5543
0.79087	1.6356	1.5365	1.5814	1.5814
0.7916	1.5504	1.7167	1.6326	1.5897
0.79233	1.5681	1.5979	1.6483	1.4917
0.79305	1.4275	1.5876	1.5094	1.5894
0.79378	1.5141	1.5178	1.5605	1.6181
0.7945	1.4724	1.5744	1.5428	1.4705
0.79523	1.5844	1.5178	1.6048	1.577
0.79596	1.4559	1.491	1.5298	1.5058
0.79668	1.4127	1.4256	1.6156	1.5455
0.79741	1.4856	1.4027	1.5758	1.4653
0.79814	1.4902	1.4094	1.4131	1.5233
0.79886	1.4398	1.4582	1.537	1.5682
0.79959	1.4445	1.3933	1.5196	1.4574
0.80032	1.3962	1.4419	1.4456	1.4547
0.80104	1.3937	1.3718	1.4521	1.3499
0.80177	1.3438	1.4021	1.4531	1.413
0.8025	1.4486	1.3123	1.425	1.4159
0.80322	1.3626	1.3335	1.4478	1.3716
0.80395	1.3855	1.3456	1.4688	1.476
0.80468	1.345	1.4155	1.4498	1.383
0.8054	1.3408	1.2776	1.3696	1.44
0.80613	1.3365	1.4284	1.477	1.3077
0.80686	1.264	1.3395	1.3683	1.3845
0.80758	1.3335	1.3928	1.3946	1.4125
0.80831	1.2738	1.4351	1.2756	1.3258
0.80903	1.3431	1.3216	1.3574	1.4003
0.80976	1.3299	1.2978	1.3692	1.2764
0.81049	1.2741	1.3008	1.3507	1.3133
0.81121	1.2985	1.3021	1.343	1.3181
0.81194	1.2607	1.2518	1.3743	1.2926
0.81267	1.3027	1.2726	1.2992	1.3204
0.81339	1.2739	1.3022	1.3128	1.334
0.81412	1.3104	1.2257	1.3687	1.2628
0.81485	1.2235	1.2111	1.294	1.2235
0.81557	1.1667	1.2336	1.2987	1.2495
0.8163	1.2437	1.2139	1.2209	1.2701
0.81703	1.2485	1.1889	1.2503	1.359
0.81775	1.2025	1.2883	1.2743	1.2568
0.81848	1.1532	1.2913	1.2546	1.1917
0.81921	1.2262	1.2733	1.2524	1.2558
0.81993	1.2066	1.1666	1.2449	1.3285
0.82066	1.1454	1.1836	1.3122	1.3192
0.82139	1.1937	1.2041	1.1867	1.329
0.82211	1.2349	1.1777	1.2816	1.2487
0.82284	1.1635	1.1203	1.2603	1.2759
0.82356	1.2219	1.0959	1.2771	1.177
0.82429	1.2404	1.2077	1.2266	1.1388
0.82502	1.1832	1.1316	1.1987	1.2313
0.82574	1.0781	1.2017	1.188	1.1828
0.82647	1.1276	1.1139	1.263	1.1842
0.8272	1.1598	1.1479	1.2197	1.2231
0.82792	1.139	1.0793	1.2552	1.1971
0.82865	1.212	1.1319	1.2172	1.2325
0.82938	1.1555	1.1078	1.2252	1.1827
0.8301	1.1806	1.1772	1.1942	1.1636
0.83083	1.1243	1.1345	1.1819	1.1345
0.83156	1.1443	1.08	1.1714	1.1494
0.83228	1.1136	1.1897	1.264	1.1947
0.83301	1.1083	1.1218	1.2044	1.1808
0.83374	1.1333	1.0996	1.1249	1.1215
0.83446	1.1414	1.1666	1.1011	1.1481
0.83519	1.0522	1.0874	1.1008	1.1495
0.83592	1.1324	1.1207	1.2413	1.1525
0.83664	1.0418	1.1355	1.2024	1.087
0.83737	1.0784	1.1018	1.232	1.0968
0.83809	1.1565	1.1599	1.2265	1.0832
0.83882	1.0514	1.1429	1.0414	1.098
0.83955	1.0579	1.2107	1.1874	1.1824
0.84027	1.1074	1.1506	1.1937	1.1456
0.841	1.1304	1.094	1.1436	1.1271
0.84173	1.1201	1.1581	1.1003	1.135
0.84245	1.077	1.0506	1.1397	1.1314
0.84318	1.0323	1.1953	1.1657	1.057
0.84391	1.1242	1.0946	1.1966	1.0338
0.84463	1.1174	1.0353	1.1518	1.1272
0.84536	1.0483	1.0614	1.1728	1.0761
0.84609	1.0857	1.0939	1.1348	1.0727
0.84681	1.0708	1.1182	1.0969	1.1361
0.84754	1.1505	1.0837	1.2645	1.1619
0.84827	1.1095	1.0151	1.1713	1.1371
0.84899	1.0166	1.0751	1.2164	1.153
0.84972	1.0473	1.07	1.0911	1.13
0.85045	1.0487	1.0649	1.1637	1.073
0.85117	1.1342	1.0631	1.1536	1.1487
0.8519	1.1274	1.1129	1.0936	1.1403
0.85262	1.0933	1.0128	1.1384	1.045
0.85335	1.0786	1.0432	1.1381	1.2217
0.85408	1.0559	1.0511	1.1249	1.1121
0.8548	1.0669	1.0317	1.1871	1.1294
0.85553	1.1131	1.0427	1.1771	1.1227
0.85626	1.1256	1.0202	1.2102	1.1543
0.85698	1.1141	1.0376	1.0918	1.181
0.85771	1.0756	1.0947	1.1997	1.1154
0.85844	1.0976	1.1151	1.1135	1.1723
0.85916	1.1164	1.0498	1.1735	1.1164
0.85989	1.1129	1.0607	1.1826	1.1066
0.86062	1.1411	1.0968	1.1569	1.0684
0.86134	1.1028	1.1439	1.1281	1.1234
0.86207	1.1262	1.1372	1.1498	1.2065
0.8628	1.0913	1.1589	1.1872	1.0661
0.86352	1.1978	1.1773	1.0486	1.2009
0.86425	1.1895	1.0954	1.1048	1.202
0.86498	1.1202	1.0936	1.189	1.1624
0.8657	1.0886	1.1995	1.1652	1.1964
0.86643	1.1695	1.0837	1.1601	1.1663
0.86715	1.1083	1.0959	1.1862	1.1986
0.86788	1.1422	1.0397	1.1935	1.2013
0.86861	1.1	1.0209	1.1977	1.1248
0.86933	1.1415	1.126	1.1771	1.1942
0.87006	1.1412	1.1736	1.1195	1.2247
0.87079	1.1099	1.1439	1.2303	1.1825
0.87151	1.068	1.0603	1.199	1.1389
0.87224	1.1385	1.1078	1.2232	1.2278
0.87297	1.0798	1.132	1.1597	1.1136
0.87369	1.1608	1.2268	1.19	1.2252
0.87442	1.1084	1.1711	1.2033	1.1574
0.87515	1.0989	1.0714	1.1738	1.1646
0.87587	1.1413	1.2069	1.1718	1.1367
0.8766	1.0937	1.1547	1.208	1.2034
0.87733	1.1528	1.1801	1.2258	1.1953
0.87805	1.0947	1.0749	1.2085	1.2526
0.87878	1.1217	1.2217	1.2778	1.1399
0.87951	1.088	1.1077	1.1819	1.1576
0.88023	1.0681	1.1603	1.1905	1.1678
0.88096	1.2232	1.178	1.1961	1.1327
0.88168	1.1579	1.1459	1.2046	1.2513
0.88241	1.0869	1.1395	1.2267	1.0839
0.88314	1.1601	1.1106	1.2202	1.1511
0.88386	1.1103	1.1522	1.2017	1.1657
0.88459	1.1234	1.107	1.2566	1.1474
0.88532	1.132	1.1126	1.1395	1.1753
0.88604	1.1436	1.1585	1.1212	1.1212
0.88677	1.1254	1.1894	1.2176	1.1268
0.8875	1.2246	1.1116	1.1859	1.1904
0.88822	1.1246	1.1261	1.1395	1.2151
0.88895	1.1228	1.1228	1.2917	1.1361
0.88968	1.1594	1.1298	1.2511	1.1343
0.8904	1.1442	1.125	1.1339	1.2181
0.89113	1.1335	1.1895	1.1851	1.2234
0.89186	1.2038	1.1184	1.1346	1.2038
0.89258	1.193	1.1445	1.2356	1.1284
0.89331	1.1969	1.2043	1.194	1.1192
0.89404	1.1701	1.1452	1.176	1.1935
0.89476	1.1419	1.1843	1.1755	1.2004
0.89549	1.1444	1.1678	1.1517	1.2028
0.89621	1.1979	1.1105	1.2023	1.1061
0.89694	1.1858	1.2266	1.2222	1.276
0.89767	1.1171	1.1679	1.1839	1.1258
0.89839	1.0674	1.0993	1.1573	1.0819
0.89912	1.1424	1.1917	1.1178	1.1627
0.89985	1.1724	1.1059	1.1796	1.2765
0.90057	1.2427	1.1431	1.2124	1.2037
0.9013	1.1412	1.1369	1.1628	1.1744
0.90203	1.1221	1.0847	1.1969	1.2085
0.90275	1.1649	1.0959	1.1577	1.162
0.90348	1.0927	1.097	1.1902	1.196
0.90421	1.1783	1.101	1.2284	1.1855
0.90493	1.0792	1.1364	1.1264	1.0606
0.90566	1.086	1.1474	1.1388	1.2031
0.90639	1.1099	1.1498	1.1741	1.1099
0.90711	1.2021	1.1651	1.1594	1.1551
0.90784	1.1277	1.193	1.2087	1.1703
0.90857	1.0763	1.0919	1.1727	1.2166
0.90929	1.0618	1.1453	1.1722	1.1043
0.91002	1.1788	1.1619	1.1251	1.2113
0.91074	1.1544	1.1374	1.1219	1.153
0.91147	1.0905	1.0807	1.1046	1.2864
0.9122	1.0311	1.1479	1.2421	1.1591
0.91292	1.1433	1.1475	1.2219	1.132
0.91365	1.133	1.1639	1.2102	1.1036
0.91438	1.1662	1.1172	1.1536	1.1718
0.9151	1.156	1.0959	1.2049	1.1448
0.91583	1.1039	1.1053	1.1193	1.256
0.91656	1.1147	1.1746	1.1286	1.1732
0.91728	1.1255	1.1394	1.1032	1.1324
0.91801	1.2112	1.2556	1.2279	1.1654
0.91874	1.09	1.158	1.1593	1.1177
0.91946	1.1257	1.1174	1.0911	1.0855
0.92019	1.135	1.0962	1.211	1.1253
0.92092	1.1373	1.0849	1.1483	1.1621
0.92164	1.1507	1.1093	1.1851	1.152
0.92237	1.058	1.1255	1.0869	1.1145
0.9231	1.1264	1.1347	1.1814	1.1196
0.92382	1.1014	1.1082	1.1535	1.0918
0.92455	1.0832	1.1298	1.2037	1.09
0.92527	1.0883	1.1608	1.2305	1.1772
0.926	1.1194	1.0948	1.1876	1.1795
0.92673	1.0713	1.1217	1.0617	1.1217
0.92745	1.0587	1.1213	1.1336	1.1363
0.92818	1.0693	1.1277	1.1005	1.125
0.92891	1.0948	1.0324	1.1965	1.1558
0.92963	1.1256	1.0551	1.1865	1.0903
0.93036	1.0765	1.0738	1.1184	1.1414
0.93109	1.0802	1.1504	1.1599	1.1153
0.93181	1.0745	1.0799	1.2012	1.1216
0.93254	1.0243	1.1212	1.1401	1.1172
0.93327	1.1195	1.0523	1.1289	1.1571
0.93399	1.0923	1.1097	1.1526	1.1433
0.93472	1.1281	1.0504	1.1308	1.0919
0.93545	1.0862	1.1009	1.0715	1.1022
0.93617	1.0992	1.0565	1.2087	1.158
0.9369	1.1015	1.1375	1.1748	1.1962
0.93763	1.0119	1.0745	1.1291	1.1011
0.93835	1.0197	1.0276	1.1765	1.0968
0.93908	1.0738	1.0712	1.0393	1.1123
0.9398	1.1133	1.1358	1.104	1.1186
0.94053	1.097	1.0877	1.1433	1.089
0.94126	1.1164	1.057	1.1032	1.1349
0.94198	1.0712	1.0738	1.1094	1.0712
0.94271	1.0735	1.0366	1.0313	1.0801
0.94344	1.0705	1.0481	1.1468	1.0981
0.94416	1.0426	1.0991	1.061	1.1174
0.94489	1.0567	1.0698	1.1223	1.0069
0.94562	1.076	1.0459	1.1062	1.0603
0.94634	1.179	1.1254	1.1254	1.1306
0.94707	1.0258	1.0767	1.091	1.1041
0.9478	1.0737	1.1102	1.0685	1.1258
0.94852	1.1111	1.102	1.154	1.1046
0.94925	1.0704	1.0457	1.1042	1.1094
0.94998	1.0766	1.0467	1.131	1.074
0.9507	1.0529	1.0451	1.0335	1.1254
0.95143	1.0125	0.9957	1.041	1.0733
0.95216	1.0755	1.0213	1.1181	1.0884
0.95288	1.0829	1.0481	1.2157	1.0494
0.95361	1.0581	1.0671	1.0452	1.1585
0.95433	1.0269	1.0102	1.0745	1.0732
0.95506	1.0818	1.0728	1.0151	1.06
0.95579	1.0264	1.0674	1.2083	1.1327
0.95651	1.0529	0.98642	1.0184	1.0593
0.95724	1.0002	1.0897	1.1203	1.0807
0.95797	1.0344	1.0663	1.1186	1.1135
0.95869	1.0036	1.0023	1.0342	1.0609
0.95942	0.99825	1.0021	1.0796	1.1051
0.96015	1.0437	1.0907	1.0996	1.0247
0.96087	1.0295	1.0472	1.0903	1.1296
0.9616	0.995	1.0861	1.0988	1.0748
0.96233	1.0706	1.0314	1.1224	1.0757
0.96305	1.0551	1.0728	1.0829	1.069
0.96378	1.0737	1.0006	1.1279	1.143
0.96451	0.97265	1.1085	1.0695	1.0997
0.96523	0.99758	1.0629	1.1182	1.1069
0.96596	1.0764	0.99482	1.035	1.0964
0.96669	1.056	1.0021	1.1449	1.071
0.96741	1.0469	1.1432	1.0656	1.0756
0.96814	1.0328	0.9891	1.1502	0.96912
0.96886	1.025	1.05	1.0263	1.0624
0.96959	1.0546	1.0185	1.0384	1.0982
0.97032	0.95855	0.98466	1.0642	1.0543
0.97104	1.0204	1.0577	0.97698	1.0577
0.97177	1.0325	1.0722	1.0598	1.0139
0.9725	1.083	1.0161	1.0496	1.0508
0.97322	0.9998	1.0171	1.0814	1.1048
0.97395	0.97856	1.0748	1.0131	1.1155
0.97468	1.0498	1.0239	1.0473	0.96848
0.9754	1.0286	0.99164	1.0445	1.0753
0.97613	0.98034	1.0307	1.054	1.0762
0.97686	1.0194	1.0549	1.0574	0.99728
0.97758	0.99948	0.98723	1.0485	1.0583
0.97831	0.98821	0.98943	1.086	1.0567
0.97904	1.0429	1.0234	1.0331	1.0161
0.97976	0.97065	0.98284	1.0462	1.0365
0.98049	1.0435	1.0484	1.0691	1.0216
0.98122	1.0626	1.0261	1.0067	1.0577
0.98194	1.0222	1.0562	1.0185	1.0829
0.98267	1.0461	1.0013	1.0292	1.0328
0.98339	0.91507	1.0518	1.0531	1.0736
0.98412	0.90768	1.0249	1.0938	1.0165
0.98485	1.0584	0.99202	1.0487	1.0693
0.98557	0.97972	1.0026	0.94598	1.0339
0.9863	0.98549	0.99271	1.0685	1.0673
0.98703	1.0429	1.0057	0.96122	1.0117
0.98775	0.9814	1.0042	1.0474	1.0486
0.98848	0.93204	1.0291	1.0662	1.0363
0.98921	1.0096	0.98928	1.1101	0.9534
0.98993	1.0129	1.0272	1.0726	1.038
0.99066	1.009	1.0222	1.0532	1.1188
0.99139	0.97541	0.96231	1.0028	1.0659
0.99211	1.0715	0.99301	1.062	1.0346
0.99284	0.96781	1.0022	1.0011	1.0058
0.99357	0.99841	0.98418	0.99366	0.98418
0.99429	0.9342	1.0905	1.0562	1.0396
0.99502	0.99549	1.0014	1.0806	1.0452
0.99575	0.99994	0.98224	1.0755	1.0188
0.99647	0.99495	1.0232	1.0044	1.0126
0.9972	0.94288	0.96878	1.0265	1.0359
0.99792	1.0497	1.0167	1.0073	1.0779
0.99865	0.92841	1.0951	1.0223	1.0552
0.99938	1.0255	1.0267	0.97628	1.0489
1.0001	0.96199	0.9538	1.0193	0.99827
1.0008	1.005	1.0202	0.95124	1.0249
1.0016	0.98487	1.0105	1.0164	1.0234
1.0023	1.0324	0.98694	1.072	0.97878
1.003	0.989	0.96573	1.0262	1.0099
1.0037	1.0073	1.0155	0.96433	1.0155
1.0045	0.97338	0.8446	1.0093	1.0395
1.0052	0.98008	0.89088	1.0565	1.0299
1.0059	0.94975	1.0504	0.99486	0.94165
1.0066	0.94838	0.96224	1.0327	0.9865
1.0074	1.0208	0.93317	1.0278	1.0185
1.0081	0.96292	1.0309	1.0309	1.0286
1.0088	0.95119	1.0133	1.0443	1.0029
1.0095	0.99691	1.0049	1.0601	1.0543
1.0103	1.0333	0.97368	1.023	0.97254
1.011	0.98946	0.94594	0.99404	1.0387
1.0117	0.92743	1.0292	1.0132	1.0669
1.0125	0.95351	0.93638	1.0152	0.99918
1.0132	0.96582	0.99547	1.024	0.97723
1.0139	0.99291	0.99746	1.002	1.0066
1.0146	0.96533	0.95737	1.0517	1.0438
1.0154	1.006	0.96622	0.98212	1.0128
1.0161	1.0091	0.99659	0.99319	0.99999
1.0168	1.028	0.96573	1.0144	1.0201
1.0175	0.96887	1.013	0.97339	0.97113
1.0183	0.95733	0.96297	1.0025	1.0104
1.019	1.0067	0.97851	1.0642	1.0011
1.0197	0.9895	0.93997	0.96023	0.96248
1.0204	0.97798	1.0095	1.0364	1.0038
1.0212	0.98669	1.0024	1.0192	1.0776
1.0219	0.95726	0.98865	0.98192	1.0436
1.0226	0.96374	0.96038	1.0063	1.0163
1.0234	0.9769	0.98584	1.0026	1.0171
1.0241	0.97775	0.96435	1.0123	0.98556
1.0248	0.92955	0.98639	1.0388	1.0644
1.0255	0.96941	1.0462	1.0173	0.97832
1.0263	1.0158	0.95359	1.047	0.99472
1.027	1.0033	1.0211	1.0033	1.0188
1.0277	0.94979	1.0119	0.97639	0.97528
1.0284	0.9728	0.95398	0.99825	1.1056
1.0292	0.94711	0.98137	1.03	1.0079
1.0299	1.0032	0.9524	0.95019	1.0451
1.0306	0.9753	0.99183	1.0591	0.99954
1.0313	0.97062	0.98823	1.0334	1.0135
1.0321	0.95937	0.95937	1.0451	0.96816
1.0328	0.99204	1.0162	1.0315	1.0173
1.0335	0.92708	0.9501	0.98845	1.018
1.0342	0.9597	0.95204	0.97393	0.9794
1.035	0.95508	0.97475	0.97038	0.98896
1.0357	1.0072	1.0007	1.0421	1.0574
1.0364	0.93824	0.94696	1.0461	1.032
1.0372	0.95978	0.96413	0.98698	0.93801
1.0379	1.0193	0.98343	1.0041	0.95735
1.0386	0.88656	0.89958	0.98096	1.0016
1.0393	0.95142	1.0013	0.99151	0.98718
1.0401	0.93278	1.0345	0.98472	0.91222
1.0408	0.95633	1.0147	0.9747	1.0276
1.0415	0.95715	0.93665	1.0327	1.0176
1.0422	0.94181	0.98276	1.0291	0.96121
1.043	1.0008	0.96633	1.0503	0.96955
1.0437	0.92092	0.95316	0.95316	1.0176
1.0444	0.92393	0.92393	1.013	0.98081
1.0451	1.0148	1.0405	1.0052	0.99016
1.0459	0.95882	1.0027	1.0337	0.99521
1.0466	0.93291	1.0056	0.97886	0.94039
1.0473	0.92415	0.97964	1.0181	0.98178
1.0481	0.9591	1.0017	1.0316	1.0241
1.0488	0.96842	0.97587	0.96309	0.97374
1.0495	0.9777	0.97664	1.0245	0.99258
1.0502	0.94027	0.94557	0.99758	0.9859
1.051	0.90612	1.0121	0.98984	1.0121
1.0517	0.96942	1.0213	1.017	0.97895
1.0524	0.93215	0.95963	0.95012	0.97654
1.0531	0.94247	0.97836	0.97519	1.0628
1.0539	0.98439	1.0413	1.0676	0.94855
1.0546	0.96303	0.95356	1.0262	1.002
1.0553	0.97432	0.97012	0.96381	0.9533
1.056	0.90791	0.96668	0.99187	0.9331
1.0568	0.9381	0.9685	0.97793	1.0041
1.0575	0.97554	0.96612	0.99962	1.0373
1.0582	0.98257	0.99093	0.97107	0.98361
1.059	0.94573	0.97078	0.94155	1.0219
1.0597	0.95381	0.95068	0.96736	0.97049
1.0604	0.95459	0.95251	0.98582	1.015
1.0611	0.97719	0.9169	0.99174	0.98863
1.0619	0.98104	0.98727	1.0475	1.0267
1.0626	1.0067	0.93824	1.0419	0.93616
1.0633	0.98458	0.95973	0.93178	1.0084
1.064	0.98944	0.98117	0.99254	0.97393
1.0648	0.93337	0.98912	1.0149	1.0118
1.0655	0.97024	1.0094	0.97952	0.97231
1.0662	0.94215	1.0008	0.97819	0.97716
1.0669	0.95732	0.96452	1.0149	0.96555
1.0677	0.94061	0.91186	1.0217	1.0289
1.0684	0.94856	0.91575	1.0644	1.0665
1.0691	0.97083	0.98005	0.98619	0.99029
1.0698	0.96338	0.99099	1.0155	0.97974
1.0706	0.87219	1.0295	1.009	1.0315
1.0713	0.9883	0.97708	0.98524	1.0189
1.072	0.98594	0.95131	0.97881	0.99206
1.0728	0.93985	0.99682	0.98766	0.96325
1.0735	0.92944	0.94468	1.0422	1.0249
1.0742	0.97586	0.91804	1.0337	0.94036
1.0749	0.94516	0.98872	0.97961	0.9867
1.0757	0.99447	0.97626	1.0339	0.96311
1.0764	0.88907	0.99212	0.98909	0.96888
1.0771	0.94235	0.99381	1.0089	0.9595
1.0778	0.91186	0.96123	0.98743	0.95922
1.0786	0.94283	0.89856	1.0193	0.95994
1.0793	0.9908	0.97673	1.029	0.99884
1.08	0.92725	0.97141	1.0507	0.94933
1.0807	0.99315	0.96309	0.98714	0.9671
1.0815	0.95479	0.94278	1.0018	0.91375
1.0822	0.95151	1.0315	0.99648	0.92552
1.0829	1.0201	0.92029	0.99615	0.95123
1.0837	0.91507	1.0038	0.98185	0.99979
1.0844	0.92379	0.96063	0.98352	0.94769
1.0851	0.94542	0.97624	1.009	0.96729
1.0858	0.94912	0.94813	0.93324	0.95309
1.0866	0.91117	0.98553	1.0262	1.0262
1.0873	0.94263	0.96144	0.99808	0.9951
1.088	0.97598	1.0106	1.0403	0.99674
1.0887	0.95591	0.9727	1.0013	1.0517
1.0895	1.0296	0.94478	0.98521	0.98718
1.0902	0.94155	0.96617	1.0469	0.99276
1.0909	1.017	0.9757	1.0387	0.97078
1.0916	0.96655	0.95574	0.96949	1.0029
1.0924	0.90837	0.99959	1.0094	0.97017
1.0931	1.01	0.90814	1.0237	0.93557
1.0938	0.93922	0.98324	1.0224	1.0018
1.0945	0.9878	0.98976	0.98292	0.99366
1.0953	0.93868	0.98552	0.97381	0.9943
1.096	0.95303	0.98421	0.99103	0.9618
1.0967	0.99653	0.97025	0.96636	0.96636
1.0975	0.95731	0.99424	0.97383	0.95828
1.0982	0.93566	0.94051	0.92498	0.93954
1.0989	0.94896	1.0352	0.96447	0.96059
1.0996	0.90221	0.97481	1.0097	0.98546
1.1004	0.97063	1.0267	1.0151	1.019
1.1011	0.98383	0.97224	0.96838	1.0147
1.1018	0.97	1.0105	0.98253	0.98832
1.1025	0.98316	0.95813	1.0554	0.96294
1.1033	0.97225	0.98668	1.0319	1.0049
1.104	0.97577	0.99978	1.0152	1.0516
1.1047	0.97929	0.92558	0.99751	0.9697
1.1054	0.98662	1.0067	1.0422	0.96938
1.1062	0.91741	0.9595	1.0112	0.96237
1.1069	0.99645	1.0051	1.0175	0.99932
1.1076	0.96938	1.0028	1.0533	0.98179
1.1084	0.97764	0.96811	1.0377	0.94334
1.1091	0.99064	0.97922	1.0363	1.0144
1.1098	0.97033	0.92567	1.0255	0.94847
1.1105	0.98425	0.9814	1.0023	0.9833
1.1113	0.99055	0.96875	1.001	1.0379
1.112	0.99399	1.0139	0.98641	0.97032
1.1127	0.99458	0.94447	0.97189	1.0163
1.1134	1.0273	0.99139	1.0169	0.93663
1.1142	1.0061	1.0429	0.9967	0.98539
1.1149	0.95868	0.9728	1.0105	0.95303
1.1156	0.92545	0.96589	0.99223	0.93768
1.1163	1.0013	0.97497	1.005	0.95242
1.1171	0.98871	0.98027	1.0309	0.95963
1.1178	1.0193	0.94995	1.0118	0.9181
1.1185	0.96088	1.0114	1.0339	1.0123
1.1193	0.98393	0.98206	1.0344	0.96991
1.12	0.99758	0.97425	0.99758	0.94532
1.1207	0.96367	1.0215	1.0261	0.9441
1.1214	0.99128	0.9708	1.0406	0.96801
1.1222	0.99371	1.0179	1.0569	0.97791
1.1229	0.99614	0.96365	0.9915	0.96829
1.1236	1.0032	0.97631	1.0542	0.96611
1.1243	0.91856	1.025	0.98708	0.94356
1.1251	0.95622	1.0126	1.0182	1.0441
1.1258	0.99008	0.97068	1.0455	0.97807
1.1265	0.99895	0.99065	1.01	1.0091
1.1272	0.99766	0.94515	1.0695	0.97371
1.128	0.9927	0.97338	1.0111	1.0175
1.1287	1.0024	1.0824	1.0355	0.94364
1.1294	1.0048	0.97821	1.0966	1.0057
1.1301	0.9907	1.009	0.9962	0.97054
1.1309	0.99309	1.026	0.99035	0.9876
1.1316	0.96531	0.99182	1.0741	0.99822
1.1323	1.0161	0.98689	1.0444	1.0371
1.1331	1.0449	0.99657	1.0075	0.95554
1.1338	0.96615	0.97071	1.0008	0.99165
1.1345	0.89489	0.96219	0.97947	0.97401
1.1352	1.0027	0.9546	1.02	1.01
1.136	1.0024	0.99239	1.0169	1.0359
1.1367	1.0174	1.0337	1.021	0.93585
1.1374	0.95366	1.0052	1.0505	1.0107
1.1381	1.0094	1.0076	1.0202	0.95877
1.1389	1.0379	0.95213	0.98733	1.0027
1.1396	0.96894	0.96263	1.0456	0.96894
1.1403	0.98931	1.0118	0.9407	1.0802
1.141	0.98626	0.99974	1.0384	0.98176
1.1418	0.985	1.0263	1.0559	1.029
1.1425	0.98465	0.98554	0.98465	1.0241
1.1432	0.9628	1.0004	0.97892	1.0058
1.144	0.96426	1.0242	1.0296	1.017
1.1447	0.98001	1.0461	0.9943	1.0122
1.1454	0.99572	0.97252	1.0573	1.0403
1.1461	1.0319	1.0194	1.0158	1.0043
1.1469	1.0137	1.0039	0.99586	0.97273
1.1476	1.0026	0.99994	1.007	1.039
1.1483	0.94985	1.051	1.0466	0.99246
1.149	1.0612	1.0435	1.0639	0.99032
1.1498	1.0139	0.95542	1.0015	0.99881
1.1505	1.0037	1.04	1.063	1.0497
1.1512	0.99717	0.97421	1.0193	0.98657
1.1519	0.96063	1.085	0.9818	1.0383
1.1527	1.0088	0.97087	1.0149	0.99113
1.1534	0.99428	1.0189	1.0638	1.0119
1.1541	0.95085	0.97985	0.97897	0.98425
1.1548	1.026	0.91718	1.0102	1.019
1.1556	1.0274	1.0151	1.0677	1.0414
1.1563	0.98316	1.0287	1.0366	1.0182
1.157	0.97931	1.0379	1.0431	0.97231
1.1578	0.98594	1.0025	1.0392	0.99292
1.1585	0.99255	0.97947	1.0449	1.003
1.1592	0.98173	1.0645	1.0322	0.98347
1.1599	1.0127	1.0431	1.0562	1.0388
1.1607	1.0158	0.96797	1.014	1.0114
1.1614	0.95808	0.9659	1.0596	1.0457
1.1621	1.0496	1.073	1.0358	1.0245
1.1628	1.0016	1.0146	1.1254	0.97906
1.1636	0.98217	1.0046	1.079	1.0876
1.1643	1.0353	0.99303	1.0785	1.0198
1.165	1.0168	0.99438	1.066	1.0237
1.1657	1.0173	1.0155	1.0517	1.0569
1.1665	1.0151	0.99534	1.0874	1.0323
1.1672	0.98895	1.0044	1.0311	1.0104
1.1679	1.0126	0.99029	1.0684	0.94739
1.1687	0.95907	1.0216	1.0499	0.99249
1.1694	1.0401	1.0152	1.0401	0.95445
1.1701	1.0003	1.0576	1.0182	1.0584
1.1708	1.0238	1.04	1.0025	1.0238
1.1716	0.92873	1.0097	1.0106	1.0183
1.1723	0.97102	1.0417	1.0306	1.0903
1.173	1.0676	1.0021	1.0694	1.0311
1.1737	1.0162	1.0383	1.0842	1.0927
1.1745	0.99373	1.0234	0.99457	0.94875
1.1752	1.0476	1.0256	1.051	1.0459
1.1759	0.99042	1.009	1.0217	1.0234
1.1766	1.0492	1.0247	1.0526	1.0095
1.1774	1.0268	0.98545	1.075	1.0927
1.1781	1.0289	1.0778	1.0011	1.05
1.1788	1.0344	0.99818	1.1001	0.98555
1.1795	1.0441	0.99948	1.0912	1.034
1.1803	0.99993	1.0066	1.0798	1.0142
1.181	1.0323	0.96849	1.1389	1.0297
1.1817	1.0318	1.0268	1.0209	1.0494
1.1825	1.0297	0.96025	1.0473	1.0406
1.1832	1.0134	1.0134	1.0527	1.026
1.1839	1.003	0.9938	1.0923	0.99547
1.1846	0.97423	1.0251	1.0393	0.99175
1.1854	1.0114	1.018	1.0447	0.9772
1.1861	1.0417	1.0767	1.0251	0.99015
1.1868	1.0712	1.0072	1.0538	1.0155
1.1875	1.0135	0.98275	1.016	1.016
1.1883	0.98735	1.0147	0.99316	0.99233
1.189	0.98697	0.97373	0.9878	0.96131
1.1897	1.0925	1.0346	1.0726	1.047
1.1904	1.0606	1.0184	1.0267	1.0135
1.1912	0.98749	1.0494	1.0436	1.0238
1.1919	0.98711	0.98958	1.0934	0.99617
1.1926	0.99743	1.069	1.06	1.0238
1.1934	1.0225	1.0792	1.0833	1.0373
1.1941	1.0106	1.0098	1.0361	1.0295
1.1948	1.0012	1.0709	1.0258	1.0446
1.1955	1.0401	1.0237	1.0057	1.0221
1.1963	1.0151	1.0028	1.0756	1.0356
1.197	0.99753	0.97466	1.0245	0.95423
1.1977	0.98163	0.99714	1.0779	1.0053
1.1984	0.99022	0.94132	1.0522	1.0538
1.1992	1.0289	1.0468	1.0623	0.96705
1.1999	1.0171	1.0138	1.0399	1.0122
1.2006	1.0816	1.0654	1.0475	1.0427
1.2013	1.0008	1.0333	1.0682	1.0041
1.2021	0.99964	1.0223	0.9883	1.0507
1.2028	0.97659	1.0284	1.0219	1.0203
1.2035	1.0126	1.0093	1.0247	1.0772
1.2043	1.0049	0.9702	1.0533	1.0283
1.205	0.96338	1.0005	1.0908	0.97951
1.2057	1.0363	1.0202	1.0637	1.0274
1.2064	1.0664	0.99886	1.0407	1.0149
1.2072	0.98722	0.97517	1.0322	1.0129
1.2079	1.051	0.97079	1.0125	1.0374
1.2086	1.0562	0.98565	1.0153	1.053
1.2093	1.0013	1.0181	1.0685	1.0845
1.2101	0.99687	0.97369	1.048	1.0145
1.2108	0.99248	0.99648	1.0699	1.0188
1.2115	0.95541	1.0447	1.0192	1.024
1.2122	1.0116	1.0506	1.0236	1.0538
1.213	1.0287	0.97142	0.99926	1.0438
1.2137	0.95516	1.0203	1.1061	1.0656
1.2144	1.0191	1.0215	1.004	0.98814
1.2151	1.0123	0.98696	0.98458	1.0234
1.2159	1.0317	0.9842	1.0214	0.98657
1.2166	0.99489	1.0313	1.0605	1.0226
1.2173	1.0024	1.0221	1.0221	0.98896
1.2181	1.0091	0.99488	1.0714	1.0225
1.2188	1.0071	1.052	1.082	1.0016
1.2195	1.0374	0.98385	1.0248	1.0319
1.2202	0.96617	1.0212	1.0542	1.0023
1.221	1.0435	0.99251	1.0059	0.98701
1.2217	0.9678	0.99054	1.0321	1.0109
1.2224	0.96743	1.0183	1.027	0.9925
1.2231	0.96863	0.99054	1.032	1.0312
1.2239	0.99561	0.99327	1.0269	0.97139
1.2246	0.99053	1.0405	1.0022	1.0358
1.2253	0.98078	0.98	1.0003	1.0135
1.226	0.98507	0.96171	0.99831	1.0248
1.2268	1.0033	0.98001	1.0523	0.95357
1.2275	0.99439	1.0348	1.0387	0.95011
1.2282	0.95442	1.0336	1.039	1.0173
1.229	0.96646	0.97576	1.0161	0.98506
1.2297	0.99164	0.96455	0.98235	1.0079
1.2304	1.0206	0.99202	1.0593	0.94949
1.2311	0.99008	0.9893	1.0511	0.99625
1.2319	0.99894	1.0028	1.0174	0.96037
1.2326	0.94306	0.99159	0.97079	1.0216
1.2333	0.99966	1.0505	0.98273	0.9658
1.234	0.98772	1.0146	1.0208	1.0154
1.2348	0.98349	0.9451	1.0196	0.99424
1.2355	1.0314	0.98003	0.99997	0.94783
1.2362	0.98884	1.0118	0.96969	1.0134
1.2369	0.98156	1.0022	1.0198	0.96473
1.2377	1.0217	1.0041	1.0347	1.0003
1.2384	0.98307	0.98307	0.98765	0.94644
1.2391	1.004	0.99259	1.0254	1.0109
1.2398	0.97087	1.0539	1.0455	1.0546
1.2406	0.92714	0.97126	0.98114	1.0268
1.2413	0.95568	0.96936	1.0005	0.97012
1.242	0.99554	0.95153	1.0138	0.98644
1.2428	0.95572	0.98149	1.0489	0.98983
1.2435	0.97051	0.95234	1.0697	1.0243
1.2442	0.96408	0.98374	1.0034	0.98676
1.2449	0.98108	0.9773	1.0211	0.97202
1.2457	0.95806	1.0297	0.98673	1.0086
1.2464	1.0602	0.99085	0.97653	1.0451
1.2471	0.92949	1.0251	1.019	0.97464
1.2478	0.99005	0.97577	0.97201	0.97426
1.2486	1.0039	0.9446	1.0279	1.0317
1.2493	0.975	1.0252	0.99	0.96675
1.25	0.95963	1.0023	0.9896	1.0083
1.2507	0.98396	1.0259	0.98919	0.98471
1.2515	0.97908	0.96114	0.99851	0.98431
1.2522	0.99063	0.9324	1.0063	0.98839
1.2529	0.97383	0.97532	1.0029	0.94773
1.2537	1.0256	1.0196	0.98163	0.99951
1.2544	1.0065	0.97678	1.0415	0.94479
1.2551	0.98085	0.97713	1.0336	0.99645
1.2558	1.0027	1.0057	0.99159	0.96264
1.2566	1.0179	0.98896	0.99786	1.0112
1.2573	0.96708	0.91599	1.0189	0.97819
1.258	1.0318	1.0192	0.97336	0.95413
1.2587	0.9619	0.96042	1.018	0.94491
1.2595	0.93644	0.99916	0.97407	0.99031
1.2602	0.98032	1.0231	1.043	0.94789
1.2609	0.98582	0.95637	1.0447	0.96815
1.2616	0.97071	0.97806	0.97218	1.0178
1.2624	0.94535	0.97914	0.9571	0.99897
1.2631	0.92812	0.95967	1.0235	0.96261
1.2638	0.97836	0.95784	1.0392	0.95344
1.2646	0.98968	0.98016	0.99919	1.005
1.2653	0.94686	0.99585	0.97392	1.0551
1.266	0.9728	1.0181	1.0093	0.98229
1.2667	0.95709	0.98336	1.0191	0.96731
1.2675	0.98223	0.94798	1.0114	0.9662
1.2682	0.968	0.95054	1.019	0.98402
1.2689	0.95454	0.9858	0.9589	1.0134
1.2696	0.97305	1.0232	0.9411	0.96797
1.2704	0.98935	0.96541	1.0104	0.98064
1.2711	0.98169	0.94185	1.0121	0.91577
1.2718	0.97261	0.99215	0.9538	0.98636
1.2725	1.0004	0.9462	0.97367	0.94837
1.2733	0.92707	0.99278	0.93429	0.94585
1.274	0.96136	0.96136	1.0068	0.95054
1.2747	0.92496	0.99988	0.98835	0.997
1.2754	0.97212	1.0009	0.98579	0.9642
1.2762	0.93723	0.97173	0.96382	0.96957
1.2769	0.94693	0.96416	1.0216	0.99719
1.2776	0.97598	0.9602	0.98601	0.9645
1.2784	0.94836	0.96555	1.0379	0.92544
1.2791	0.97591	0.948	0.98592	0.98163
1.2798	0.95908	0.9605	0.99409	0.9991
1.2805	0.97226	0.95513	1.0415	0.98012
1.2813	0.95334	0.91626	0.984	0.99041
1.282	0.91593	0.97932	0.97149	0.93231
1.2827	0.98106	0.94051	0.95758	0.98035
1.2834	0.97071	0.98492	1.0098	0.96645
1.2842	0.94122	0.95754	0.97884	0.96961
1.2849	1.0096	0.99475	0.98695	0.95504
1.2856	0.97521	0.97734	0.97946	0.98867
1.2863	0.98118	0.96421	0.97906	1.0088
1.2871	0.95746	0.98149	1.0069	1.0225
1.2878	0.95638	0.98391	0.98956	0.95215
1.2885	0.95108	0.96588	0.95954	0.94332
1.2893	0.99085	0.96268	1.0106	0.9824
1.29	1.0017	0.99466	0.95175	1.0115
1.2907	0.95981	0.96333	1.0167	0.9844
1.2914	0.99593	0.99312	0.89135	0.94048
1.2922	0.9885	0.96396	0.96747	0.95625
1.2929	0.92016	0.96148	0.97269	0.91946
1.2936	0.97089	0.97369	0.98278	0.94711
1.2943	0.95932	0.97889	1.0306	0.94884
1.2951	0.92265	0.97849	0.98267	0.98407
1.2958	0.94672	0.96414	0.9983	1.0046
1.2965	0.95332	0.98256	0.99997	0.99579
1.2972	0.95225	0.9446	0.93903	0.95503
1.298	0.9491	0.98245	0.97967	0.92895
1.2987	0.96747	0.97441	0.98829	0.9751
1.2994	0.96708	0.97887	0.92133	0.98441
1.3001	0.97985	0.96738	1.029	0.98816
1.3009	0.93933	0.94694	0.92411	1.0037
1.3016	0.98388	0.98388	0.96454	1.0606
1.3023	0.96553	0.97519	0.98485	0.97381
1.3031	1.0341	0.94653	0.96101	0.97204
1.3038	0.96613	0.96682	0.9317	0.95718
1.3045	0.9513	0.9795	0.97331	1.0098
1.3052	0.98803	0.96811	0.98322	0.95162
1.306	0.95124	1.0013	0.99036	0.95262
1.3067	0.97555	1.0057	0.96321	1.0174
1.3074	0.98337	0.97652	0.98543	1.0176
1.3081	0.99186	0.93303	1.0035	0.96997
1.3089	0.98665	0.93541	0.92994	0.98939
1.3096	0.94256	0.99648	1.0265	0.99239
1.3103	0.96538	0.94288	0.97561	1.0138
1.311	0.94796	0.95001	0.97725	0.99223
1.3118	1.0068	0.98977	0.94283	0.98161
1.3125	0.9248	0.93499	0.97441	0.99955
1.3132	0.93871	0.9584	0.9869	1.0093
1.314	0.97429	1.0021	0.97022	1.0109
1.3147	0.98201	0.97389	0.98472	0.95899
1.3154	0.99987	0.94981	0.98499	0.97755
1.3161	1.0116	0.9562	0.9812	0.97241
1.3169	0.93422	0.95379	0.97944	0.96392
1.3176	0.97297	0.97769	0.98038	0.99859
1.3183	1.0103	0.96045	0.99479	0.94563
1.319	0.95333	0.96813	1.0132	0.9789
1.3198	0.98656	0.9832	1.0074	0.99395
1.3205	0.94385	0.99084	0.95728	0.97809
1.3212	0.95287	0.98037	1.0112	0.9978
1.3219	0.94111	0.97058	0.98197	0.96589
1.3227	0.99293	0.92937	0.92201	0.95881
1.3234	0.98315	0.96645	1.0333	1.0373
1.3241	0.95671	0.93067	1.0028	0.95804
1.3248	0.95632	0.91431	0.971	0.979
1.3256	0.96394	1.0432	0.99191	0.98659
1.3263	0.96621	0.98817	1.0095	0.99149
1.327	0.96382	0.9944	0.99373	0.97778
1.3278	0.94019	0.88442	0.94285	0.97804
1.3285	0.95641	0.96238	0.96304	0.99554
1.3292	0.93814	0.98054	0.97789	0.99379
1.3299	0.98807	0.96425	0.98542	0.95895
1.3307	0.95526	0.94138	0.97575	0.96584
1.3314	0.98658	0.96875	0.96082	0.98658
1.3321	0.96505	0.9545	0.96967	0.9822
1.3328	0.95016	1.0193	1.0226	0.99563
1.3336	0.94254	0.92806	1.0018	0.95439
1.3343	1.0013	0.96387	0.96322	0.98491
1.335	0.97005	0.93327	1.0292	0.9799
1.3357	0.96571	0.96834	0.97621	0.98802
1.3365	0.97122	0.97908	0.98563	0.93976
1.3372	0.97671	0.94005	0.97605	1.0042
1.3379	0.94099	1.0149	0.96715	0.97369
1.3387	1.0027	0.98765	0.98765	0.9674
1.3394	0.96244	0.98789	1.0172	0.97745
1.3401	0.92164	0.97183	0.96791	0.95749
1.3408	0.96296	0.97598	0.97468	0.99682
1.3416	0.97623	0.96842	1.0022	0.94045
1.3423	0.98102	0.99596	0.95763	0.95113
1.343	0.99618	0.94361	0.98385	1.0066
1.3437	0.9601	1.0061	0.98084	0.95621
1.3445	0.91956	0.9746	0.91567	1.0167
1.3452	0.9632	0.94961	0.95673	1.0104
1.3459	0.98477	0.96862	0.9977	0.97056
1.3466	0.95854	0.95854	0.97855	0.99727
1.3474	0.9575	0.933	0.99813	0.97362
1.3481	0.9481	0.94037	0.95969	0.97515
1.3488	1.0172	0.95158	1.0191	0.98761
1.3496	0.89336	0.99233	0.97755	0.97305
1.3503	1.0041	0.95275	0.96687	1.0144
1.351	0.96198	0.98058	0.9979	0.94467
1.3517	0.96479	0.94814	0.9885	0.95839
1.3525	0.93688	0.9324	0.99255	0.97847
1.3532	0.96144	0.96208	0.93651	0.95761
1.3539	0.99489	1.0096	1	0.97957
1.3546	0.96831	1.013	0.96512	0.99957
1.3554	0.90228	0.96982	0.98639	0.97173
1.3561	0.94141	0.97579	0.94587	0.94332
1.3568	0.97474	0.97792	0.96266	1.0072
1.3575	0.93241	0.9178	1.0112	1.0042
1.3583	0.94474	0.98344	0.99677	0.91365
1.359	0.95134	0.96465	1.0109	0.97922
1.3597	0.97121	0.98387	0.94399	1.0155
1.3604	0.97334	0.98409	0.98156	0.96448
1.3612	0.9862	0.96598	0.96788	0.93692
1.3619	0.9782	0.92204	0.95107	0.95548
1.3626	0.92988	0.97212	0.95888	0.99797
1.3634	0.97738	0.9566	1.0271	0.95786
1.3641	0.95306	0.94551	1.0355	0.98011
1.3648	0.98284	0.96085	0.95268	0.94828
1.3655	0.94099	0.95606	0.9887	0.95166
1.3663	0.97072	0.94689	0.9795	0.9795
1.367	0.96029	0.94901	1.0079	0.95904
1.3677	0.94676	0.9818	1.0006	1.0049
1.3684	0.95888	0.90575	0.97075	0.96138
1.3692	0.95536	0.94787	0.94974	1.0122
1.3699	0.98866	0.9662	1.0124	0.97743
1.3706	0.98449	0.99259	0.97328	0.97764
1.3713	1.0046	0.91872	1.0108	0.9237
1.3721	0.93204	0.96313	0.92831	0.96438
1.3728	0.97702	0.96211	0.96833	0.95218
1.3735	0.96978	0.98592	0.99026	0.96358
1.3743	0.94645	0.99541	0.98115	0.9576
1.375	0.90768	1.0043	0.98817	0.99745
1.3757	0.95805	0.95311	1.018	1.0075
1.3764	0.95581	0.97867	0.96507	0.94345
1.3772	0.96467	0.94431	0.94369	0.96714
1.3779	0.97969	0.94454	1.0006	0.95441
1.3786	0.9959	0.96326	0.99836	0.96203
1.3793	0.92594	0.95794	0.95117	0.97578
1.3801	0.96861	0.94095	0.98581	0.98766
1.3808	0.99276	0.98478	1.0099	0.97127
1.3815	0.97209	0.98497	0.99723	1.0028
1.3822	0.98148	0.99925	1.0342	0.96065
1.383	0.95413	0.94801	0.92965	1.0135
1.3837	0.99226	0.94457	0.95986	0.94029
1.3844	0.94542	0.92587	0.95458	0.95763
1.3851	0.93893	0.98774	0.95235	0.96639
1.3859	0.9349	0.94404	0.98183	1.0056
1.3866	0.93697	0.9461	0.96254	0.96923
1.3873	0.95605	0.96396	1.0138	0.93477
1.3881	0.95202	0.99697	0.97996	0.98118
1.3888	0.95709	0.93524	1.0184	1.005
1.3895	0.92396	0.97731	0.93729	0.94578
1.3902	1.0084	0.9884	0.98053	0.94358
1.391	0.95712	0.97829	0.97103	0.94925
1.3917	0.99238	0.97788	0.98211	0.9676
1.3924	0.98772	0.97686	0.96056	0.96659
1.3931	0.99815	0.92638	0.99092	1.0078
1.3939	0.98145	0.95132	0.97542	0.96157
1.3946	0.92927	0.96718	0.98765	0.94492
1.3953	1.0191	0.99744	0.99263	0.96257
1.396	0.98439	0.95136	0.97478	0.98199
1.3968	0.98217	0.94077	0.97317	0.98697
1.3975	0.95537	0.95358	0.96976	0.97635
1.3982	0.95738	0.93882	0.9945	0.99749
1.399	0.94382	0.97193	0.9492	0.94502
1.3997	0.93388	0.96614	0.99901	0.96734
1.4004	0.94903	1.0021	0.98723	0.9538
1.4011	0.94327	0.96533	0.98978	1.0214
1.4019	0.92502	1.0078	0.99412	0.94646
1.4026	0.95441	0.96274	0.95441	0.94786
1.4033	1.001	0.98493	0.97363	0.95461
1.404	0.99578	0.96728	0.96966	0.93343
1.4048	0.95086	0.92891	0.96984	0.96035
1.4055	0.98721	0.97654	0.95284	1.0008
1.4062	0.94889	0.92877	0.97316	0.97139
1.4069	0.99995	1.0141	0.97571	0.98694
1.4077	0.9871	0.94516	0.98651	1.0107
1.4084	0.97428	0.96897	0.98078	0.93298
1.4091	0.99509	0.96444	0.98507	0.96738
1.4099	0.9817	0.92811	0.96168	0.98347
1.4106	0.96186	0.92304	0.96775	0.98422
1.4113	0.99202	0.9691	0.97498	0.95617
1.412	0.97808	0.96576	0.98278	1.0045
1.4128	0.93954	0.99585	0.95831	0.96183
1.4135	0.95147	0.95498	0.97139	0.98779
1.4142	0.978	0.96337	0.978	0.9698
1.4149	0.97173	0.95653	0.95419	0.94308
1.4157	0.91291	1.0163	0.98592	0.96197
1.4164	1.003	0.95107	0.9429	0.93765
1.4171	0.95476	0.97049	0.91337	1.0195
1.4178	0.96368	0.99046	1.0056	0.9532
1.4186	0.96211	0.90452	0.97491	0.95687
1.4193	0.95706	0.99076	0.95415	0.99773
1.42	0.95608	1.0112	0.9584	0.98742
1.4207	0.95974	0.99685	0.96554	0.96496
1.4215	0.92284	0.97382	0.96397	0.9744
1.4222	0.96183	0.9925	1.0174	0.97746
1.4229	0.97125	0.96721	0.99785	0.96721
1.4237	0.96333	0.97835	0.9899	0.98759
1.4244	0.98139	0.9987	0.97331	0.96293
1.4251	0.94754	0.98615	0.90662	0.94927
1.4258	0.9863	0.95118	0.95981	0.96557
1.4266	0.94388	0.96919	0.98127	0.97897
1.4273	0.96361	0.93947	0.90557	0.9751
1.428	0.95746	0.93794	0.95229	0.94713
1.4287	0.96796	0.97426	0.9972	0.99777
1.4295	0.96182	0.95781	0.96067	0.91771
1.4302	0.95683	0.94482	0.93738	1.0072
1.4309	0.93986	1.0027	0.9713	0.9753
1.4316	0.9212	0.98402	0.94747	0.95546
1.4324	0.95449	0.9408	0.96077	0.98245
1.4331	0.93757	0.93358	1.002	0.96664
1.4338	0.95939	0.95712	0.98046	0.97477
1.4346	0.95956	0.9169	0.97662	0.96923
1.4353	0.97223	0.98416	1.0131	0.98643
1.436	0.99281	0.97749	0.92186	0.9474
1.4367	0.97593	0.97593	0.94021	0.99124
1.4375	0.92736	0.93642	0.95059	0.98627
1.4382	0.93321	0.93491	0.98981	0.97622
1.4389	0.96958	0.95545	0.95262	0.95149
1.4396	0.95618	0.99402	0.97482	0.93585