0.71386	5.48E-03	1.37E-02	2.74E-03	5.48E-03
0.71459	1.64E-02	2.46E-02	1.64E-02	1.91E-02
0.71532	4.36E-02	4.91E-02	4.36E-02	4.09E-02
0.71604	7.62E-02	8.17E-02	9.80E-02	9.25E-02
0.71677	0.17657	0.19016	0.1983	0.1983
0.7175	0.27381	0.33616	0.35785	0.40123
0.71822	0.61956	0.55734	0.54652	0.67097
0.71895	0.86672	0.86132	1.0368	0.87752
0.71968	1.3123	1.3419	1.3446	1.3931
0.7204	1.6996	1.8502	1.834	1.7184
0.72113	2.2705	2.3215	2.5496	2.4315
0.72185	2.8846	2.7105	2.8417	2.7775
0.72258	3.2637	3.2557	3.3706	3.3412
0.72331	3.716	3.7693	3.7853	3.668
0.72403	3.7192	3.9641	4.0493	3.9348
0.72476	4.0757	4.2723	4.5141	4.1421
0.72549	4.2479	4.2399	4.4733	4.2532
0.72621	3.988	4.2526	4.2341	4.0859
0.72694	3.9219	4.1543	4.2203	3.9853
0.72767	4.0037	4.0538	4.1698	4.1249
0.72839	3.9247	4.0141	4.1088	4.1246
0.72912	3.8486	4.0193	4.0298	4.0035
0.72985	3.8017	3.9693	3.8148	3.8855
0.73057	3.6634	3.7967	3.8516	3.7313
0.7313	3.6874	3.6483	4.071	3.8936
0.73203	3.5316	3.8155	3.8754	3.9483
0.73275	3.7976	3.6312	3.8885	3.7352
0.73348	3.5125	3.445	3.7382	3.6655
0.73421	3.4822	3.6712	3.591	3.6893
0.73493	3.3229	3.4185	3.6795	3.6381
0.73566	3.3705	3.404	3.5819	3.288
0.73638	3.3561	3.4771	3.5903	3.5157
0.73711	3.0824	3.2673	3.3084	3.46
0.73784	3.4711	3.325	3.4583	3.348
0.73856	3.1265	3.211	3.1496	3.2084
0.73929	3.0923	3.2021	3.3196	3.4089
0.74002	3.1499	3.1627	3.1092	3.308
0.74074	3.0268	3.0853	3.2481	3.0929
0.74147	3.0488	3.1681	3.2366	2.9929
0.7422	3.096	3.0225	3.1391	3.0732
0.74292	2.9812	2.8902	3.2037	3.0394
0.74365	2.8517	2.988	2.9956	3.0259
0.74438	2.6648	2.9419	2.9343	2.8537
0.7451	2.7175	2.8406	2.9387	2.8507
0.74583	2.6018	2.9982	2.8627	2.8702
0.74656	2.6593	2.7194	2.9999	2.7995
0.74728	2.6641	2.6941	2.6816	2.7591
0.74801	2.6615	2.7039	2.6764	2.6415
0.74874	2.5567	2.8032	2.8057	2.6115
0.74946	2.7307	2.6164	2.7133	2.8623
0.75019	2.4823	2.589	2.7155	2.5617
0.75091	2.7176	2.6756	2.7251	2.5914
0.75164	2.5345	2.7667	2.663	2.4234
0.75237	2.3743	2.5641	2.6406	2.4335
0.75309	2.5223	2.4558	2.6527	2.5444
0.75382	2.3848	2.4658	2.5543	2.4339
0.75455	2.5224	2.5616	2.5739	2.5003
0.75527	2.4441	2.3512	2.5151	2.5738
0.756	2.2197	2.2905	2.4223	2.4468
0.75673	2.3665	2.2203	2.3787	2.4835
0.75745	2.2136	2.3158	2.362	2.4131
0.75818	2.2992	2.3065	2.3769	2.1705
0.75891	2.1615	2.2536	2.1736	2.3529
0.75963	2.1477	2.2565	2.3291	2.421
0.76036	2.2064	2.344	2.1895	2.2667
0.76109	2.1226	2.2238	2.4527	2.1251
0.76181	2.1643	2.234	2.2629	2.1739
0.76254	2.1914	2.1818	2.1506	2.2274
0.76327	2.0411	2.1704	2.0866	2.053
0.76399	1.9965	2.0611	2.0635	2.1854
0.76472	2.1526	2.1216	2.081	2.0763
0.76544	2.0438	1.989	2.0914	2.0342
0.76617	1.9876	1.9638	2.2515	2.0399
0.7669	2.0052	1.9435	2.0503	1.9411
0.76762	2.0014	1.909	2.0037	2.0274
0.76835	1.825	2.0614	2.0591	1.9456
0.76908	1.9962	1.9561	2.0693	2.1024
0.7698	1.837	2.056	1.9759	1.9288
0.77053	1.7936	1.803	2.0004	1.9158
0.77126	1.7902	1.9356	1.938	1.9614
0.77198	1.7681	1.8524	1.8266	1.8875
0.77271	1.7764	1.8536	1.8208	1.8886
0.77344	1.8524	1.8454	1.7778	1.8431
0.77416	1.814	1.8	1.8583	1.7325
0.77489	1.8222	1.7479	1.878	1.9106
0.77562	1.7817	1.8003	1.8629	1.8327
0.77634	1.8085	1.658	1.8363	1.6788
0.77707	1.6918	1.8051	1.715	1.708
0.7778	1.7325	1.7095	1.7671	1.7764
0.77852	1.6211	1.6671	1.9043	1.7247
0.77925	1.7169	1.6479	1.7008	1.6617
0.77997	1.6999	1.6563	1.6678	1.677
0.7807	1.4998	1.6326	1.7815	1.6395
0.78143	1.5359	1.6685	1.6639	1.6319
0.78215	1.5764	1.6174	1.6448	1.5695
0.78288	1.5689	1.6486	1.594	1.619
0.78361	1.6546	1.5978	1.6342	1.5092
0.78433	1.638	1.5586	1.7627	1.6743
0.78506	1.5421	1.4923	1.6349	1.6078
0.78579	1.5234	1.537	1.6364	1.485
0.78651	1.5206	1.4642	1.6108	1.5883
0.78724	1.5448	1.5043	1.6281	1.4705
0.78797	1.5105	1.5667	1.6409	1.5307
0.78869	1.4853	1.51	1.4763	1.5795
0.78942	1.4669	1.44	1.5609	1.4848
0.79015	1.5111	1.4932	1.4575	1.4776
0.79087	1.3789	1.5396	1.5396	1.4749
0.7916	1.4477	1.4766	1.6236	1.4855
0.79233	1.3694	1.5339	1.4561	1.4228
0.79305	1.4468	1.4224	1.5445	1.4823
0.79378	1.3179	1.3378	1.515	1.4065
0.7945	1.2934	1.4415	1.3465	1.4261
0.79523	1.3418	1.3462	1.3992	1.3926
0.79596	1.4098	1.2755	1.4803	1.4759
0.79668	1.3655	1.3721	1.4271	1.4556
0.79741	1.3454	1.374	1.3652	1.3323
0.79814	1.3561	1.3079	1.3211	1.4701
0.79886	1.3056	1.4171	1.428	1.3799
0.79959	1.3447	1.3512	1.4014	1.2377
0.80032	1.3684	1.3509	1.3052	1.4751
0.80104	1.2985	1.2963	1.2332	1.3942
0.80177	1.32	1.2049	1.4937	1.2874
0.8025	1.2548	1.3024	1.3913	1.3783
0.80322	1.2914	1.3001	1.3866	1.3347
0.80395	1.2913	1.3301	1.4035	1.3085
0.80468	1.3471	1.3256	1.3881	1.3859
0.8054	1.2285	1.3576	1.4372	1.2651
0.80613	1.2456	1.338	1.2714	1.2392
0.80686	1.1383	1.2027	1.3784	1.1962
0.80758	1.2754	1.3075	1.269	1.3631
0.80831	1.2411	1.2838	1.3051	1.209
0.80903	1.2388	1.2303	1.2815	1.209
0.80976	1.2196	1.2877	1.2685	1.243
0.81049	1.2429	1.1919	1.3491	1.2068
0.81121	1.1346	1.2555	1.37	1.1728
0.81194	1.086	1.2977	1.213	1.2257
0.81267	1.1031	1.1411	1.2362	1.1665
0.81339	1.1518	1.156	1.1897	1.2235
0.81412	1.1771	1.1792	1.2276	1.2192
0.81485	1.3158	1.1434	1.2212	1.2044
0.81557	1.1687	1.2316	1.2694	1.2442
0.8163	1.1729	1.154	1.2273	1.2148
0.81703	1.1478	1.083	1.198	1.1353
0.81775	1.296	1.1499	1.271	1.3357
0.81848	1.1125	1.1771	1.2417	1.2083
0.81921	1.1999	1.1729	1.1708	1.2332
0.81993	1.1874	1.1418	1.1999	1.1459
0.82066	1.1418	1.1356	1.146	1.1522
0.82139	1.1563	1.146	1.1563	1.2784
0.82211	1.1873	1.0841	1.1853	1.1481
0.82284	1.1564	1.1708	1.2017	1.1914
0.82356	1.0515	1.1729	1.177	1.0391
0.82429	1.0352	0.98594	1.1441	1.1646
0.82502	1.0662	1.1667	1.1974	1.1605
0.82574	1.1217	1.1646	1.2158	1.05
0.82647	1.0645	1.1217	1.2361	1.1258
0.8272	1.1442	1.1483	1.2788	1.083
0.82792	1.0506	1.185	1.132	1.1728
0.82865	1.1199	1.1158	1.2378	1.1707
0.82938	1.1565	1.0997	1.1991	1.0936
0.8301	1.114	1.1626	1.195	1.1443
0.83083	1.0837	1.1969	1.1504	1.2171
0.83156	1.0536	1.1323	1.211	1.0435
0.83228	0.98523	1.1464	1.1867	1.1625
0.83301	1.1565	1.0982	1.1464	1.1424
0.83374	1.03	1.0782	1.0922	1.1123
0.83446	1.0442	1.1825	1.2507	1.1745
0.83519	1.0684	1.1565	1.0844	1.1264
0.83592	1.0586	1.0266	1.1085	1.1984
0.83664	1.1146	1.0767	1.1804	1.1465
0.83737	1.1106	1.1703	1.2161	1.1445
0.83809	1.0054	1.1047	1.1067	1.1306
0.83882	1.1246	1.0473	1.1167	0.96993
0.83955	1.0455	1.0831	1.1346	1.1049
0.84027	1.0259	1.0219	1.1801	1.0377
0.841	1.0261	1.176	1.1188	1.0813
0.84173	1.1267	1.0539	1.0873	1.1504
0.84245	1.0363	1.1091	1.17	1.115
0.84318	1.007	1.0875	1.06	1.1189
0.84391	0.93868	1.0563	1.1366	1.0563
0.84463	1.0564	1.1131	1.1483	1.1659
0.84536	1.0741	1.0741	1.119	1.1678
0.84609	1.1035	1.0703	1.1522	1.1093
0.84681	1.051	1.049	1.1132	1.0412
0.84754	0.96368	1.0783	1.1113	1.1696
0.84827	1.0532	1.0474	0.98142	1.0668
0.84899	0.97006	1.0979	1.1133	1.0727
0.84972	1.1269	1.0264	1.1076	1.0573
0.85045	1.0594	1.069	1.0459	1.0536
0.85117	1.0518	1.0344	1.1365	0.98051
0.8519	1.0404	0.99038	1.2096	1.1077
0.85262	1.0981	1.1346	1.1576	1.1039
0.85335	0.97168	1.0828	1.0426	1.0598
0.85408	1.1728	1.1633	1.1594	1.1422
0.8548	0.97792	1.1059	1.0906	1.0581
0.85553	1.0201	1.083	1.0907	1.1097
0.85626	1.0793	1.0945	1.0698	1.1593
0.85698	1.0262	1.0737	1.1896	1.0414
0.85771	1.0263	0.97321	1.106	1.1515
0.85844	1.0227	1.0151	1.089	1.1685
0.85916	1.0815	1.0739	1.0626	1.0455
0.85989	1.1325	1.108	1.057	1.0532
0.86062	1.1117	1.0533	1.0967	1.0703
0.86134	1.1193	1.0233	1.1494	1.1719
0.86207	1.1587	1.0798	1.1061	1.0855
0.8628	1.1417	1.0949	1.1886	1.1436
0.86352	1.0331	1.1024	1.1941	1.0275
0.86425	1.0351	1.08	1.0875	1.1099
0.86498	1.0987	1.1248	1.1099	1.1136
0.8657	1.095	1.0801	1.162	1.0726
0.86643	1.1024	1.1638	1.1768	1.0876
0.86715	1.1229	1.082	1.1563	1.1099
0.86788	1.121	1.0598	1.171	1.1321
0.86861	1.084	1.1062	1.1672	1.1062
0.86933	1.0932	1.132	1.1874	1.1745
0.87006	1.132	1.1467	1.1559	1.1965
0.87079	1.1264	1.0822	1.143	1.1614
0.87151	1.1006	1.1558	1.1135	1.1484
0.87224	1.1263	1.1043	1.2125	1.0988
0.87297	1.0915	1.1794	1.2087	1.1593
0.87369	1.0915	1.1061	1.1317	1.2103
0.87442	1.0076	1.1554	1.1499	1.097
0.87515	1.097	1.1152	1.2264	1.1571
0.87587	1.097	1.1716	1.1971	1.1115
0.8766	1.1551	1.1424	1.1369	1.0734
0.87733	1.155	1.0934	1.1713	1.1768
0.87805	1.1531	1.1821	1.1241	1.1748
0.87878	1.0952	1.0952	1.1747	1.1783
0.87951	1.18	1.1204	1.2377	1.207
0.88023	1.1528	1.097	1.196	1.1978
0.88096	1.1419	1.0628	1.1761	1.1365
0.88168	1.1867	1.167	1.2136	1.1149
0.88241	1.07	1.2296	1.2278	1.1561
0.88314	1.1112	1.113	1.1094	1.1846
0.88386	1.1469	1.1952	1.2702	1.1273
0.88459	1.0309	1.1129	1.1504	1.2039
0.88532	1.0897	1.1592	1.2019	1.177
0.88604	1.1839	1.1235	1.1893	1.2017
0.88677	1.2069	1.2601	1.1181	1.2051
0.8875	1.0454	1.1092	1.1889	1.1322
0.88822	1.1587	1.1498	1.1587	1.2029
0.88895	1.072	1.2168	1.1798	1.1374
0.88968	1.1073	1.1285	1.1655	1.102
0.8904	1.0949	1.1161	1.1935	1.2234
0.89113	1.0527	1.1336	1.1793	1.1318
0.89186	1.1317	1.1844	1.2633	1.2072
0.89258	1.1719	1.1842	1.2052	1.1562
0.89331	1.1648	1.1578	1.1945	1.1718
0.89404	1.1646	1.107	1.1856	1.2188
0.89476	1.1523	1.1558	1.2412	1.0913
0.89549	1.14	1.1347	1.2131	1.1591
0.89621	1.0825	1.1816	1.2458	1.2563
0.89694	1.1883	1.1085	1.1606	1.1328
0.89767	1.131	1.1829	1.1812	1.1569
0.89839	1.1395	1.0963	1.2156	1.0444
0.89912	1.2205	1.1567	1.2033	1.1877
0.89985	1.2048	1.1686	1.1238	1.1514
0.90057	1.1667	1.165	1.1908	1.1168
0.9013	1.1305	1.2353	1.2043	1.1459
0.90203	1.1835	1.1784	1.1544	1.2196
0.90275	1.1388	1.1405	1.1422	1.1542
0.90348	1.0925	1.1182	1.1438	1.1353
0.90421	1.1761	1.1625	1.2359	1.2768
0.90493	1.1811	1.1913	1.2271	1.1129
0.90566	1.1094	1.089	1.2472	1.1417
0.90639	1.0855	1.1229	1.2095	1.1671
0.90711	1.1279	1.1279	1.2568	1.1449
0.90784	1.1786	1.1786	1.2108	1.1481
0.90857	1.2038	1.1513	1.175	1.0634
0.90929	1.2288	1.1985	1.217	1.1191
0.91002	1.0769	1.0718	1.1494	1.242
0.91074	1.1139	1.0752	1.1862	1.1223
0.91147	1.1255	1.1423	1.1222	1.2146
0.9122	1.107	1.0935	1.169	1.1539
0.91292	1.1655	1.2208	1.1387	1.1069
0.91365	1.1068	1.1352	1.1937	1.1235
0.91438	1.1217	1.1401	1.1802	1.2002
0.9151	1.02	1.1866	1.1699	1.1533
0.91583	1.0683	1.208	1.1698	1.1298
0.91656	1.1264	1.1529	1.2111	1.1862
0.91728	1.1246	1.1097	1.1909	1.2274
0.91801	1.1576	1.1427	1.2205	1.1824
0.91874	1.1309	1.1574	1.1855	1.1574
0.91946	1.1572	1.1308	1.149	1.1308
0.92019	1.1356	1.1603	1.1307	1.1983
0.92092	1.147	1.2079	1.226	1.1536
0.92164	1.1813	1.1665	1.2043	1.0992
0.92237	1.0942	1.0335	1.1926	1.209
0.9231	1.158	1.1727	1.2055	1.1645
0.92382	1.1545	1.1153	1.0989	1.1332
0.92455	1.1543	1.1658	1.1805	1.1347
0.92527	1.1313	1.0857	1.177	1.1411
0.926	1.0954	1.1833	1.1003	1.1458
0.92673	0.98315	1.0628	1.2107	1.1668
0.92745	1.0903	1.1017	1.1504	1.199
0.92818	1.1064	1.0854	1.1988	1.1874
0.92891	1.1613	1.1176	1.1937	1.1856
0.92963	1.1579	1.1595	1.0804	1.153
0.93036	1.119	1.1206	1.1271	1.119
0.93109	1.0915	1.0609	1.1639	1.1317
0.93181	1.0817	1.1412	1.2023	1.2103
0.93254	1.072	1.1651	1.1988	1.0961
0.93327	1.072	1.1377	1.1088	1.0944
0.93399	1.1023	1.1855	1.0831	1.0927
0.93472	1.1118	1.067	1.1613	1.1182
0.93545	1.1132	1.126	1.1228	1.1196
0.93617	1.1354	1.1434	1.1991	1.1402
0.9369	1.0859	1.0987	1.1289	1.1797
0.93763	1.0668	1.0652	1.1747	1.062
0.93835	1.0604	1.0794	1.1602	1.146
0.93908	1.0888	1.1331	1.1474	1.122
0.9398	1.144	1.1867	1.1456	1.0808
0.94053	1.0365	1.1217	1.1249	1.1612
0.94126	1.1342	1.0255	1.1011	1.1484
0.94198	1.1088	1.145	1.2127	1.0884
0.94271	1.0899	1.0694	1.1166	1.1307
0.94344	1.0396	1.1133	1.1384	1.0568
0.94416	1.1006	1.1429	1.1022	1.1742
0.94489	1.0817	1.0973	1.0989	1.0708
0.94562	1.0941	1.0816	1.2002	1.1643
0.94634	1.122	1.0254	1.1594	1.0566
0.94707	1.0767	1.0534	1.0892	1.0907
0.9478	1.1155	1.1419	1.145	1.072
0.94852	1.0579	1.151	1.1401	1.1029
0.94925	1.0238	1.0888	1.0563	1.1353
0.94998	1.0872	1.0655	1.1305	1.1583
0.9507	1.0917	1.0778	1.1365	1.1396
0.95143	1.0839	1.1131	1.09	1.1794
0.95216	1.0099	1.0961	1.1345	1.0822
0.95288	0.96681	0.99909	1.0683	1.059
0.95361	1.0482	1.0881	1.1173	1.1449
0.95433	1.039	1.1891	1.1171	1.0819
0.95506	1.0358	1.1047	1.12	1.0741
0.95579	1.1107	1.0373	1.2115	1.1244
0.95651	1.0983	1.0632	1.1258	1.0297
0.95724	1.0631	1.0433	1.1454	1.0403
0.95797	0.99307	1.06	1.133	1.1117
0.95869	1.1085	1.113	1.0888	1.0948
0.95942	1.0947	1.0795	1.1796	1.0537
0.96015	1.0794	1.093	1.0461	1.1657
0.96087	1.1171	1.1624	1.1277	1.0747
0.9616	1.1184	1.058	1.0746	1.1305
0.96233	1.0805	1.0579	1.0429	1.0655
0.96305	1.0879	1.1241	1.1511	1.0654
0.96378	1.0833	1.0563	1.0863	1.1118
0.96451	1.0577	1.1312	1.1102	1.0457
0.96523	1.0546	0.98567	1.0711	1.095
0.96596	1.0306	1.0799	1.1263	1.053
0.96669	1.029	1.1082	1.1156	1.038
0.96741	1.0797	1.0096	1.108	1.0543
0.96814	1.0527	1.0423	1.0974	1.0899
0.96886	1.0616	1.0392	1.1151	1.0155
0.96959	1.0466	1.0822	1.1386	1.0362
0.97032	1.0584	1.0806	1.1503	1.1592
0.97104	1.0405	1.1338	1.0894	1.0538
0.97177	1.0656	1.0375	1.1025	1.0523
0.9725	1.0935	1.0654	1.1009	1.0787
0.97322	1.0359	1.0314	1.0491	1.0742
0.97395	1.0623	1.0564	1.0755	1.0932
0.97468	1.0475	1.1327	1.0533	1.1003
0.9754	1.0298	1.0283	1.1442	1.0107
0.97613	1.0561	0.97404	1.1381	1.0399
0.97686	1.0092	1.0486	1.1642	1.0794
0.97758	1.1157	1.0909	1.107	1.1026
0.97831	1.063	1.0543	1.0572	1.0878
0.97904	1.0731	1.0178	1.0352	1.044
0.97976	0.95956	1.025	1.1457	1.0352
0.98049	1.0423	1.0757	1.1323	1.1788
0.98122	1.0741	1.0524	1.1031	1.1495
0.98194	1.061	1.0306	1.0754	1.0581
0.98267	0.99147	1.0753	1.0464	1.0912
0.98339	1.0319	1.0044	1.0203	1.0752
0.98412	0.98278	1.0447	1.1946	1.0246
0.98485	1.0993	1.072	1.108	1.0202
0.98557	1.0201	1.0848	1.102	1.0848
0.9863	1.043	1.0258	1.0631	1.0588
0.98703	1.0042	1.0286	1.0515	1.0601
0.98775	1.0199	1.0843	1.0671	1.08
0.98848	1.0955	0.99841	1.0655	1.0627
0.98921	1.0683	0.99695	1.1053	0.96414
0.98993	1.0382	0.99833	1.0581	0.99833
0.99066	1.0779	0.98407	1.0694	1.0651
0.99139	0.99257	1.0792	1.0621	1.021
0.99211	1.0025	1.089	1.0719	1.0719
0.99284	1.0704	1.0647	1.0675	1.0406
0.99357	1.0009	1.0971	1.0363	1.0745
0.99429	1.0559	0.99242	1.0927	1.0743
0.99502	1.0361	0.99097	1.077	1.0389
0.99575	1.0444	1.0557	1.0585	1.0895
0.99647	1.0148	0.97965	1.0303	1.0078
0.9972	0.99366	1.0526	1.1073	1.0358
0.99792	1.0749	1.0693	1.0371	1.0735
0.99865	0.97818	1.0342	1.0915	1.016
0.99938	1.0187	0.99492	1.0634	1.0732
1.0001	1.0591	0.96278	1.08	1.0939
1.0008	0.98507	0.98925	1.0269	1.1411
1.0016	1.017	1.0449	1.0379	1.1061
1.0023	1.0364	1.1059	1.0239	1.0809
1.003	1.021	1.0182	1.0765	1.0363
1.0037	1.014	1.0015	1.014	1.0459
1.0045	1.0872	0.97796	1.0568	1.0831
1.0052	1.0663	1.1216	1.0387	1.094
1.0059	1.0565	1.0579	1.0772	1.0179
1.0066	1.0509	0.9999	1.1046	1.0371
1.0074	1.0108	0.92969	1.1305	1.0315
1.0081	1.0396	0.99564	1.0684	0.95444
1.0088	0.97227	1.0463	1.0779	1.0408
1.0095	1.0708	1.0462	1.0599	1.0476
1.0103	0.96264	1.0023	1.0064	1.1048
1.011	1.0131	0.94214	1.0746	1.0104
1.0117	1.043	0.96124	1.0635	1.0444
1.0125	0.96394	1.0252	1.1586	1.1042
1.0132	1.0197	1.0047	1.0387	1.0061
1.0139	1.0168	1.0087	1.0888	0.99241
1.0146	1.1076	1.0601	1.0425	0.99099
1.0154	1.0451	0.93	1.0573	1.0288
1.0161	1.0503	1.0449	1.0152	1.0449
1.0168	0.97459	0.98134	1.0866	1.007
1.0175	1.0797	1.0015	1.0703	1.0177
1.0183	1.0135	0.99066	1.0755	1.0095
1.019	0.99193	1.086	1.0699	1.0376
1.0197	1.0187	0.95428	1.0375	1.0093
1.0204	0.96901	1.0226	1.0575	1.0119
1.0212	1.0131	1.0279	1.0506	1.0653
1.0219	1.0264	0.98229	1.0545	1.0825
1.0226	0.99024	1.0423	1.0276	1.0476
1.0234	1.0182	1.0461	1.0341	1.0581
1.0241	0.99142	1.0819	1.0846	0.98477
1.0248	0.96078	1.0405	1.0684	0.95812
1.0255	1.0045	0.98994	1.055	0.9926
1.0263	1.0177	1.0296	1.0256	1.019
1.027	0.98714	1.0665	1.1195	1.052
1.0277	0.99103	1.0095	1.0241	1.0703
1.0284	0.97644	1.0187	1.0899	1.0451
1.0292	1.0264	1.037	1.0278	1.0383
1.0299	0.94605	1.0132	1.0908	1.0053
1.0306	1.0144	1.017	1.0656	1.0236
1.0313	0.96438	1.0562	1.1192	1.009
1.0321	0.93813	1.0443	1.0875	1.0325
1.0328	1.0376	1.0153	1.0284	1.0219
1.0335	1.0609	1.0557	1.0296	1.0897
1.0342	1.0268	1.049	1.0581	1.0399
1.035	0.93026	1.054	1.0384	1.0475
1.0357	0.98621	1.0513	1.1098	1.0513
1.0364	1.0251	1.016	1.0017	1.0069
1.0372	1.0159	1.0535	1.0976	0.99253
1.0379	1.0611	1.0274	1.0196	0.95357
1.0386	0.94188	1.0027	1.0506	1.048
1.0393	0.95349	0.95219	1.0465	1
1.0401	1.0192	0.9986	1.0979	1.0476
1.0408	1.0127	1.0565	1.0784	1.0088
1.0415	1.0035	1.0113	0.96108	1.0396
1.0422	1.0227	1.0664	1.0497	0.97002
1.043	1.0508	0.99304	1.029	1.0636
1.0437	1.0275	1.0211	0.99166	1.0737
1.0444	1.0261	0.96981	0.97109	1.0658
1.0451	0.96974	1.0106	1.0311	1.0617
1.0459	1.0028	1.0079	1.0462	1.0449
1.0466	1.0269	1.0269	1.0027	1.0499
1.0473	1.0281	0.95171	1.023	1.0548
1.0481	1.0228	1.0724	0.98978	0.99486
1.0488	0.95796	0.95923	1.0354	1.048
1.0495	1.0491	0.98198	1.006	1.096
1.0502	1.0249	0.95405	0.97935	1.0451
1.051	0.97547	1.0285	1.0197	1.0374
1.0517	0.988	1.046	1.0524	1.0372
1.0524	1.0144	0.96648	1.0887	1.0698
1.0531	1.0482	0.98402	1.0016	0.98402
1.0539	1.0153	1.0229	1.0945	1.0392
1.0546	1.0541	0.96123	1.0139	0.99888
1.0553	1.0664	0.94738	1.0401	0.99124
1.056	1.0036	1.0537	0.99488	1.0474
1.0568	1.041	0.97227	1.0248	1.0135
1.0575	1.0808	0.9934	1.0845	1.0358
1.0582	1.0294	1.0693	1.0743	0.9696
1.059	0.97449	0.98569	1.0069	0.97823
1.0597	0.96073	1.0316	1.0626	1.049
1.0604	0.95817	1.0289	1.0984	1.0599
1.0611	0.97669	1.0238	1.0151	1.0573
1.0619	0.95803	1.0286	1.0273	1.0397
1.0626	0.99256	0.99256	1.1026	1.0296
1.0633	0.97393	0.96899	1.0307	1.0887
1.064	1.0503	1.0281	0.96397	1.0675
1.0648	1.103	1.0217	1.002	1.0784
1.0655	0.9933	1.0007	0.99207	1.0093
1.0662	0.97476	1.0497	1.0239	0.96003
1.0669	0.97589	1.0127	1.0556	0.99305
1.0677	1.0297	1.0235	1.0554	0.98803
1.0684	0.97079	1.0466	1.0136	0.98791
1.0691	1.0672	0.98168	1.0403	0.99878
1.0698	1.0413	1.0157	1.0194	1.0438
1.0706	1.0436	1.0265	1.0265	1.0338
1.0713	1.0507	1.0227	1.0725	0.97648
1.072	0.98122	1.0128	1.0383	0.94844
1.0728	0.95079	1.0357	1.0793	0.98475
1.0735	0.97009	1.0173	1.0888	0.98463
1.0742	0.95789	1.0123	1.0438	1.1006
1.0749	0.98559	0.94452	1.0556	1.0484
1.0757	0.98667	1.0373	1.0783	1.0036
1.0764	1.0395	1.0335	1.0468	0.99257
1.0771	1.0478	1.0321	1.0117	1.0622
1.0778	1.0536	1.0151	1.0512	1.044
1.0786	1.0138	1.0809	1.0329	1.0365
1.0793	0.98004	0.95129	0.97405	1.0519
1.08	1.0278	1.0158	1.017	1.0577
1.0807	1.018	0.94634	1.0419	1.0228
1.0815	1.025	1.0047	1.0322	1.0167
1.0822	0.93784	0.9867	1.0177	0.99266
1.0829	1.033	0.94848	1.0223	1.0127
1.0837	0.99832	1.0185	1.0661	0.96029
1.0844	0.9685	0.99935	1.0172	1.0207
1.0851	1.0205	1.0182	1.0514	1.0502
1.0858	1.0405	0.99786	0.99431	1.0334
1.0866	0.96107	1.0568	1.0013	1.0497
1.0873	1.0153	0.99048	1.0542	1.0141
1.088	0.98326	0.98916	1.0717	1.0033
1.0887	0.98077	1.0444	0.92308	1.0585
1.0895	1.05	0.98534	1.0759	1.0277
1.0902	0.98638	1.0404	1.0193	0.98755
1.0909	1.0156	1.0367	1.1223	0.9792
1.0916	1.0095	1.0458	1.0119	1.0247
1.0924	0.9766	1.0398	1.0398	0.95204
1.0931	1.0057	0.98815	0.98231	1.015
1.0938	1.0207	1.0183	1.0242	0.99967
1.0945	0.96456	1.0275	1.0286	0.98553
1.0953	1.0226	0.96212	0.98771	1.0424
1.096	1.0189	1.0387	1.0096	1.0503
1.0967	1.028	1.0245	1.0315	1.0489
1.0975	1.0151	1.0232	1.0313	1.0498
1.0982	0.94546	0.9686	0.98943	0.98943
1.0989	1.0552	0.99622	1.0505	0.99506
1.0996	1.0064	1.048	1.033	0.97874
1.1004	1.0074	1.0005	1.0397	1.0547
1.1011	1.0049	0.99573	1.0291	1.0072
1.1018	0.99327	1.014	1.0519	1.0576
1.1025	0.96555	1.0689	1.0172	1.0161
1.1033	1.0526	0.99753	1.0606	1.0285
1.104	0.98362	0.99049	1.0661	1.0626
1.1047	0.96975	1.0692	1.0509	1.0212
1.1054	1.0187	1.0484	1.0267	1.0724
1.1062	0.98317	1.0117	0.98888	1.0105
1.1069	1.0628	1.0571	0.98986	1.032
1.1076	0.97377	0.98173	1.0716	1.025
1.1084	1.0282	1.0054	1.0043	0.97704
1.1091	1.0053	0.99164	1.0722	1.02
1.1098	0.97221	1.0459	0.96882	1.0572
1.1105	0.97773	1.0626	1.0185	1.0151
1.1113	0.9968	0.99002	1.0816	1.0036
1.112	1.0079	1.0406	0.99437	1.0057
1.1127	0.93784	1.028	1.0382	1.0156
1.1134	1.0109	1.0132	1.0604	1.074
1.1142	1.004	0.99723	1.0872	1.0332
1.1149	0.96561	1.006	1.0386	1.0319
1.1156	0.96323	0.96323	1.0305	0.99575
1.1163	0.9855	1.037	1.0101	1.056
1.1171	1.0357	0.96185	1.0222	1.0133
1.1178	0.97735	1.012	1.0377	1.0846
1.1185	1.0319	1.014	1.0575	1.0664
1.1193	0.97147	1.0205	1.0216	1.0172
1.12	1.037	1.008	1.0459	0.99024
1.1207	0.9634	1.0012	1.009	1.049
1.1214	1.0021	0.94884	0.99433	1.0265
1.1222	0.98972	0.97642	1.0673	0.97199
1.1229	0.94085	1.0095	1.0117	1.0194
1.1236	1.0104	0.94074	1.0435	0.94737
1.1243	0.96712	0.97927	1.0157	1.0245
1.1251	1.0607	1.0133	0.99123	1.0078
1.1258	0.99546	1.0604	0.98004	1.0692
1.1265	0.93039	1.0283	0.97108	1.0415
1.1272	0.9874	0.94567	1.0291	1.0445
1.128	1.0026	0.98065	0.98174	1.0465
1.1287	1.0133	1.0013	1.0374	1.0112
1.1294	0.96937	1.0055	0.98578	0.98797
1.1301	0.99107	1.0446	0.96485	1.0534
1.1309	1.0105	0.99962	0.99853	0.99526
1.1316	1.0365	1.0321	1.0289	1.0441
1.1323	1.0145	0.99053	1.0417	1.0134
1.1331	0.99252	1.036	1.0425	0.98382
1.1338	1.0043	1.052	1.0271	0.99993
1.1345	0.99974	1.0149	0.98998	1.0496
1.1352	1.0125	1.0526	0.93348	1.0515
1.136	0.9842	1.0026	1.0459	0.99502
1.1367	0.96782	1.0218	1.0153	1.0434
1.1374	1.0389	0.98816	0.99356	0.97845
1.1381	1.0278	1.0397	1.0332	1.0774
1.1389	0.96197	0.98457	1.0244	1.0298
1.1396	0.92743	0.97149	1.0467	1.0252
1.1403	1.0046	1.0132	1.1055	1.0486
1.141	0.98831	1.0344	1.0248	1.0644
1.1418	0.99027	0.9892	1.0459	1.0277
1.1425	1.0532	0.99221	1.02	1.0745
1.1432	1.0144	1.0465	1.007	1.0422
1.144	0.9673	1.0174	1.0089	1.0494
1.1447	0.99803	0.98418	1.0236	1.0172
1.1454	1.0638	0.95527	1.1159	1.0659
1.1461	0.94344	0.9955	1.0157	1.0146
1.1469	0.98575	1.008	1.0271	1.0388
1.1476	0.98874	1.0481	1.0142	1.0322
1.1483	0.99172	0.94621	1.1177	1.0161
1.149	0.99787	1.0042	1.0602	1.0528
1.1498	1.0167	0.96494	1.0768	1.0167
1.1505	0.9711	0.98586	1.0597	1.0196
1.1512	1.013	0.98146	1.0531	1.0889
1.1519	0.95813	0.97917	0.99599	1.0812
1.1527	0.97793	1.0052	1.0147	1.0672
1.1534	1.0134	1.0071	1.026	1.0218
1.1541	0.99224	0.99119	1.0163	1.008
1.1548	1.0046	0.96901	1.0716	1.014
1.1556	1.0566	1.0148	1.1005	0.99706
1.1563	1.0292	1.0376	1.0574	1.0146
1.157	1.031	0.98309	0.97996	1.005
1.1578	1.0277	1.0027	1.0506	1.0589
1.1585	0.95983	1.0337	1.0077	1.0649
1.1592	1.0303	0.98874	1.0656	1.0376
1.1599	0.96261	1.0093	1.0757	0.97609
1.1607	0.95415	1.0132	0.98834	1.0142
1.1614	0.98607	1.0492	1.0937	1.0326
1.1621	0.99	0.9838	1.0355	1.0551
1.1628	1.094	0.98567	1.1198	1.0466
1.1636	1.0092	1.0257	1.1081	1.0216
1.1643	1.0234	1.0203	1.0645	1.047
1.165	1.0221	0.95628	0.99947	1.0149
1.1657	0.98898	0.97666	1.0629	1.0999
1.1665	1.0431	1.0667	1.0113	1.0657
1.1672	1.0408	1.0326	1.0459	1.0613
1.1679	1.0252	0.97199	1.0293	1.0252
1.1687	0.97283	1.0362	1.0198	1.0362
1.1694	1.0512	1.0369	1.0635	1.042
1.1701	1.0234	0.96226	1.0632	1.0122
1.1708	1.0496	1.0374	1.0792	1.0028
1.1716	1.0555	1.0433	1.0209	1.0016
1.1723	1.0267	0.9993	1.0745	1.0399
1.173	1.0985	1.0508	1.064	1.0812
1.1737	1.0505	1.0444	1.087	1.0758
1.1745	0.98143	0.99459	1.1049	1.026
1.1752	0.98224	1.0115	0.96607	1.0146
1.1759	1.0517	0.98507	1.1153	1.0557
1.1766	0.96167	1.0695	1.007	1.0917
1.1774	0.98465	1.0038	1.0622	1.0441
1.1781	0.98645	1.0206	1.0578	1.0578
1.1788	1.0003	1.0174	1.0776	1.0485
1.1795	1.0462	1.0312	0.99405	1.0051
1.1803	1.072	1.0219	1.058	0.98882
1.181	0.9786	0.95859	0.9786	1.0597
1.1817	1.0314	1.0154	1.0603	1.0064
1.1825	1.0022	1.0002	1.0381	1.0551
1.1832	1.0169	1.0398	1.0518	1.0139
1.1839	1.0286	1.0634	1.0455	1.0535
1.1846	0.98554	1.0303	1.0601	1.1297
1.1854	0.96148	0.92275	1.0539	1.0032
1.1861	1.0228	1.0635	1.0516	1.0595
1.1868	0.98588	0.95715	1.0562	1.0216
1.1875	1.0292	1.0312	1.0876	0.99359
1.1883	1.0289	0.98446	1.0823	1.0418
1.189	1.0316	0.99906	0.99906	1.0316
1.1897	0.96826	1.0304	1.0274	1.0816
1.1904	1.0262	0.99662	1.0567	1.0685
1.1912	1.0623	0.97278	1.018	1.0682
1.1919	1.0443	0.99223	1.0246	1.0355
1.1926	1.0008	1.0175	1.0695	1.0224
1.1934	1.0055	1.0369	1.0006	1.0829
1.1941	1.0101	1.0004	1.0395	1.065
1.1948	1.0334	0.99132	1.0431	1.0519
1.1955	1.0067	0.99597	1.0126	1.0419
1.1963	1.0191	1.0367	1.0796	1.0474
1.197	1.0043	0.93901	1.0452	1.0384
1.1977	1.0001	0.97386	1.042	1.0449
1.1984	1.0417	1.0193	1.0184	1.0009
1.1992	0.99286	1.0375	1.0414	1.0462
1.1999	0.97324	1.0188	1.0314	0.99068
1.2006	1.0418	1.0137	0.99142	1.0272
1.2013	1.0299	1.0038	1.085	1.0357
1.2021	0.99096	0.99675	1.0383	1.046
1.2028	1.0283	0.99459	1.0611	1.0621
1.2035	1.0001	1.0387	1.0261	0.9799
1.2043	1.0018	0.99892	1.0759	1.0384
1.205	0.9833	1.0093	1.0631	1.0525
1.2057	1.0263	1.032	1.0647	1.032
1.2064	0.98861	1.0049	0.99244	1.073
1.2072	0.98263	0.99987	1.0229	1.043
1.2079	1.0101	0.97571	1.0867	1.0398
1.2086	0.99555	1.051	1.0166	1.0911
1.2093	0.97336	0.96096	1.0822	0.99817
1.2101	1.0075	0.99888	1.0208	1.0913
1.2108	1.0034	0.98816	0.98721	1.0529
1.2115	0.94039	0.98127	1.0754	0.98508
1.2122	0.9592	1.0095	1.0029	0.99434
1.213	0.95521	1.014	1.1041	1.0264
1.2137	1.0157	0.99386	1.0299	1.0194
1.2144	1.0192	0.98132	1.0447	1.0599
1.2151	0.99054	1.0019	1.0567	1.0236
1.2159	0.92705	1.0536	1.0233	1.0602
1.2166	1.0033	1.0542	1.057	1.0787
1.2173	0.96816	0.97852	1.0143	1.0454
1.2181	1.0272	1.0272	0.97265	1.0451
1.2188	0.96679	0.97243	1.0457	1.0523
1.2195	0.91872	0.98722	1.0473	1.0276
1.2202	0.96074	1.0039	1.0582	1.0282
1.221	1.0195	0.98019	1.0195	1.0523
1.2217	1.0417	0.96968	1.0248	1.0108
1.2224	1.018	0.99841	1.0507	0.97787
1.2231	1.0308	1.0112	1.0271	1.0112
1.2239	1.0054	1.0445	1.0482	1.0417
1.2246	1.0339	0.98928	1.0433	1.0209
1.2253	0.98718	0.99554	0.97695	1.0364
1.226	0.97672	1.0101	1.0009	1.0231
1.2268	0.97649	0.99968	1.0507	1.0034
1.2275	0.99664	1.0124	1.0578	1.0355
1.2282	1.0565	0.93348	1.0685	1.0232
1.229	0.99429	0.98412	1.022	1.1052
1.2297	1.0014	1.0208	1.042	1.0005
1.2304	1.0039	1.0196	1.0519	0.9735
1.2311	1.0184	1.0055	1.0368	1.0212
1.2319	0.96845	1.0558	1.0917	1.0383
1.2326	1.05	0.97098	0.99486	1.0362
1.2333	0.99736	1.0001	1.0643	1.0965
1.234	0.97786	0.96961	0.9577	0.99894
1.2348	0.98861	1.0774	1.039	1.0042
1.2355	1.0103	1.035	1.0213	0.97739
1.2362	0.97715	1.031	1.0374	1.0612
1.2369	1.0289	0.97692	1.0417	1.0535
1.2377	0.99582	0.98579	1.0532	0.99582
1.2384	0.97554	1.0411	1.0483	0.97008
1.2391	1.0108	0.96712	1.0589	0.99257
1.2398	0.99595	0.93785	1.0023	1.0214
1.2406	0.96214	1.0175	1.0347	1.0564
1.2413	0.97188	0.99634	0.98637	1.0969
1.242	0.99698	0.98884	1.0223	1.0232
1.2428	1.0067	1.022	1.0473	1.0835
1.2435	0.99556	1.019	1.066	1.0037
1.2442	0.96554	0.98989	1.035	1.0368
1.2449	1.0166	0.97973	1.0356	1.0076
1.2457	0.96869	0.99837	1.0254	1.0308
1.2464	0.97834	0.95768	1.0637	1.0592
1.2471	0.96464	0.99335	1.04	0.99964
1.2478	0.96352	0.95993	1.0146	1.0245
1.2486	0.94718	0.97135	1.0322	1.0054
1.2493	1.0444	0.99526	1.0078	1.0301
1.25	0.98249	0.97981	0.9816	0.99946
1.2507	0.93674	0.93139	0.98224	1.0251
1.2515	1.0346	1.0052	1.0497	1.0159
1.2522	0.9319	1.0209	1.0067	1.0556
1.2529	1.0402	1.0206	1.0135	1.0642
1.2537	0.9626	0.96082	1.0097	0.95549
1.2544	0.99164	1.012	1.0395	0.98809
1.2551	0.9586	1.0002	1.0738	0.97366
1.2558	1.0026	0.99465	1.0442	0.99819
1.2566	0.96434	0.98201	1.051	1.0377
1.2573	1.0118	0.96322	1.0639	0.97646
1.258	1.0538	1.0238	1.0265	1.0009
1.2587	0.95659	1.0385	0.96716	1.0042
1.2595	1.0259	0.96869	1.0241	1.003
1.2602	0.99482	0.93857	1.0256	1.0423
1.2609	0.9726	0.9963	1.0261	0.99279
1.2616	0.97236	0.97499	1.0118	1.003
1.2624	1.0317	0.96248	1.0308	1.0229
1.2631	1.0252	1.0191	1.0261	1.0445
1.2638	0.97076	0.976	1.0267	1.0179
1.2646	0.99757	1.0255	1.0674	0.98971
1.2653	0.97637	0.98335	1.0888	0.99119
1.266	0.9648	1.0049	0.98483	1.0414
1.2667	1.0168	1.0089	1.0202	1.0272
1.2675	0.96781	0.9791	0.99908	1.0825
1.2682	0.95889	1.0101	1.0179	1.0066
1.2689	0.99333	0.95432	1.0115	1.0185
1.2696	0.9212	1.0363	1.0294	0.97314
1.2704	0.97203	0.99192	1.0672	1.0421
1.2711	1.0366	0.96919	1.0556	1.0279
1.2718	1.0673	0.98793	0.98793	1.019
1.2725	1.0058	0.97818	0.97215	1.0101
1.2733	1.0244	0.96846	1.0218	1.0098
1.274	0.99745	0.98885	1.043	1.0198
1.2747	1.0135	0.95938	1.0298	0.99631
1.2754	1.0192	0.99604	1.0329	1.0269
1.2762	0.96834	0.9949	1.024	1.0369
1.2769	0.97152	0.99463	1.0032	1.0554
1.2776	0.97896	1.0012	1.0003	1.0226
1.2784	0.95223	0.97358	0.98724	0.98468
1.2791	1.0254	0.93835	1.0177	0.98271
1.2798	1.0276	1.0251	1.0114	1.06
1.2805	0.97197	0.9592	1.0188	1.0043
1.2813	0.95472	0.99722	1.0533	0.95302
1.282	0.97826	1.008	1.0105	0.97656
1.2827	0.98394	1.0051	0.96528	1.0671
1.2834	0.96503	0.98621	0.96673	1.0091
1.2842	0.93855	0.98594	1.0393	1.03
1.2849	0.97046	0.97046	1.0254	1.017
1.2856	0.95416	1.004	1.0031	0.98878
1.2863	0.97923	0.9902	1.0197	1.0433
1.2871	0.95454	0.96465	1.0312	1.0026
1.2878	0.98123	1.0082	1.0014	0.98207
1.2885	0.92044	0.95743	1.0146	1.0037
1.2893	1.0269	1.0361	1.0344	1.0563
1.29	1.0014	0.96785	1.0014	0.96031
1.2907	0.97179	0.99274	1.0195	0.99692
1.2914	0.99831	1.0284	0.99329	0.98409
1.2922	0.95038	1.0147	1.0239	1.0323
1.2929	0.97269	0.99273	1.0161	1.0395
1.2936	0.96993	0.97744	1.0058	1.0033
1.2943	0.96051	0.97967	1.0197	1.033
1.2951	0.99771	0.9819	0.99189	1.0002
1.2958	0.93259	0.96834	0.95919	0.98662
1.2965	1.0262	0.9797	0.99963	0.99963
1.2972	1.0101	0.9811	0.95704	1.0184
1.298	1.0007	1.0148	0.99739	1.0554
1.2987	0.99959	0.95325	0.99876	0.98138
1.2994	0.99516	0.96789	1.0084	1.0291
1.3001	0.99983	0.97671	1.0271	1.0089
1.3009	1.007	0.9781	1.0276	1.0375
1.3016	1.024	0.95147	0.95806	1.0223
1.3023	1.0171	1.0014	1.0475	0.97098
1.3031	0.9551	1.0266	1.0225	1.0118
1.3038	0.96882	1.0222	1.0049	0.98113
1.3045	1.003	0.96774	0.95462	0.98988
1.3052	1.0183	1.0207	1.0437	0.95601
1.306	1.022	0.95413	1.0065	0.97295
1.3067	0.92855	1.0348	1.0405	1.0373
1.3074	0.98304	0.9765	0.96507	0.96181
1.3081	0.98684	0.99173	1.057	0.964
1.3089	1.0224	0.97678	1.0273	1.024
1.3096	1.0432	0.98465	1.0009	1.0327
1.3103	0.9291	0.98925	1.0128	1.0039
1.311	0.95973	1.0011	0.9711	0.97029
1.3118	1.0122	0.93839	0.98625	1.0414
1.3125	1.0338	0.94303	0.973	0.99164
1.3132	1.0245	0.94036	0.9962	0.99459
1.314	0.98298	1.0226	0.96277	0.99591
1.3147	0.994	0.97382	1.0182	1.0029
1.3154	0.92677	0.99452	1.0558	0.99291
1.3161	0.98134	0.97811	1.0313	0.98778
1.3169	0.97542	0.94082	1.0012	1.0559
1.3176	0.96872	1.0242	0.99766	1.0507
1.3183	1.0014	1.0383	0.99255	1.0415
1.319	0.97621	1.0123	1.0091	1.058
1.3198	0.98876	0.94229	1.0384	1.0128
1.3205	1.0069	1.0069	0.97006	0.97647
1.3212	0.98419	1.0114	0.94182	1.021
1.3219	0.94477	1.0318	0.97432	1.0726
1.3227	0.97325	0.98442	0.97166	0.97245
1.3234	0.95465	1.0001	1.0367	0.97776
1.3241	0.98943	0.97908	0.99977	1.0443
1.3248	0.98437	0.96369	1.044	1.0122
1.3256	0.97693	1.0135	0.9952	1.0556
1.3263	0.98221	1.0346	1.0013	1.0116
1.327	0.9423	1.0303	0.98351	1.0002
1.3278	0.98719	0.99589	1.0062	1.0236
1.3285	0.97504	0.96476	1.0193	1.0225
1.3292	0.97239	1.0071	1.0237	0.98977
1.3299	1.0124	0.95555	0.96107	1.0005
1.3307	1.0089	1.0034	1.0128	0.99234
1.3314	0.93772	0.98732	0.98181	1.0243
1.3321	0.9304	1.0161	1.0106	1.0381
1.3328	0.95217	0.99224	1.0425	1.0064
1.3336	0.94799	1.0202	1.0155	0.94172
1.3343	1.0034	0.96734	0.98929	1.0167
1.335	1.0031	0.94985	0.99292	1.0266
1.3357	0.96915	1.027	0.96602	1.0098
1.3365	0.947	0.98216	0.96732	1.0228
1.3372	0.91553	0.99905	1.0271	0.99983
1.3379	1.012	0.98003	1.0026	1.0198
1.3387	0.92601	0.9595	1.021	1.0132
1.3394	0.9958	0.96779	0.96701	1.0222
1.3401	0.98772	0.97141	1.0196	1.0289
1.3408	0.98122	1.0084	1.0123	1.0084
1.3416	0.98481	1.0019	0.99024	0.99334
1.3423	0.99846	1.0302	1.031	1.0271
1.343	0.96488	1.0005	1.0121	1.033
1.3437	0.97621	1.0272	1.0249	1.0435
1.3445	0.99137	0.99523	0.99446	1.0029
1.3452	0.94788	1.0219	1.025	1.0451
1.3459	0.97998	0.99231	1.0393	1.0408
1.3466	0.98047	0.96123	1.0336	0.96661
1.3474	0.9625	1.0586	0.99325	1.0371
1.3481	0.99141	0.99909	0.99218	1.0298
1.3488	1.0057	1.031	1.0126	1.0448
1.3496	0.97088	0.97701	0.99694	0.97778
1.3503	0.97443	0.96601	1.0081	0.97367
1.351	0.99174	1.0055	1.0284	0.99097
1.3517	1.0059	0.97616	0.97616	0.97616
1.3525	0.969	1.03	0.99724	0.99342
1.3532	0.99464	1.0251	1.0396	1.0312
1.3539	0.94104	0.98672	0.98824	1.0179
1.3546	0.9484	1.0275	1.0861	0.9849
1.3554	0.99372	1.0165	1.0461	1.015
1.3561	0.93726	0.98431	1.0185	1.0192
1.3568	0.96582	0.97189	0.99614	1.0386
1.3575	0.94737	0.93904	1.0095	1.0178
1.3583	0.98569	1.0069	1.0765	0.96905
1.359	0.98615	1.005	0.99749	0.98766
1.3597	1.0281	0.94886	0.96396	0.9851
1.3604	0.95238	0.97047	1.015	0.98857
1.3612	0.9845	0.96642	1.0214	1.0259
1.3619	0.96389	0.98345	0.9526	1.0075
1.3626	1.0057	1.0034	0.97188	0.99443
1.3634	0.93931	0.99788	1.0332	1.0054
1.3641	0.97431	1.0178	1.0441	1.0013
1.3648	0.95979	0.98826	1.0295	1.0385
1.3655	0.92958	1.0171	0.99394	1.0074
1.3663	0.98018	0.97569	1.0071	0.98915
1.367	0.9881	0.98212	1.0284	0.99631
1.3677	0.93035	0.95646	1.0147	1.0251
1.3684	0.9711	0.95097	0.99271	1.0069
1.3692	0.94401	0.96858	1.0125	0.9991
1.3699	0.96011	0.99878	0.98465	1.007
1.3706	0.9799	1.0304	0.99401	0.9747
1.3713	0.97737	0.99964	0.97441	0.97589
1.3721	0.95336	0.94817	1.0164	0.92519
1.3728	0.98493	0.95013	1.0183	1.002
1.3735	0.98537	1.0179	1.0505	1.0002
1.3743	1.0205	0.94147	0.98581	1.0279
1.375	0.94859	1.0106	1.0091	0.99584
1.3757	0.98446	0.99774	0.99405	0.98889
1.3764	0.99374	0.99742	0.98269	1.0401
1.3772	0.99343	1.0104	1.039	0.98312
1.3779	0.96518	1.0152	1.038	0.97694
1.3786	0.95462	1.0258	0.99133	0.98179
1.3793	0.97855	0.97855	1.0013	0.97855
1.3801	1.0024	1.0589	1.0464	1.0061
1.3808	0.93038	1.0189	1.0204	1.016
1.3815	0.98278	0.95353	1.0237	0.99594
1.3822	0.89044	0.93354	0.96641	1
1.383	0.91796	1.0063	1.0347	1.0318
1.3837	0.97167	0.99281	0.98552	1.0059
1.3844	0.99104	1.002	1.0049	1.0005
1.3851	0.99873	0.97181	0.982	0.99291
1.3859	0.9628	0.99259	0.98024	0.95844
1.3866	0.97703	0.98502	0.95235	0.95235
1.3873	0.95498	0.99051	1.0057	1.0036
1.3881	0.98223	0.97716	1.0583	1.0156
1.3888	0.96818	0.96022	0.97687	1.0253
1.3895	0.92163	0.9556	1.0568	1.0091
1.3902	0.94377	0.98638	1.0304	1.0275
1.391	1.007	0.994	0.994	1.012
1.3917	0.99152	0.98	1.0326	1.0103
1.3924	0.95954	1.0106	0.94298	1.0438
1.3931	0.99809	0.96213	0.96645	1.0175
1.3939	1.0531	1.0473	1.0258	0.97478
1.3946	0.97305	1.0197	0.99457	1.0082
1.3953	0.9878	0.9835	0.94909	1.0545
1.396	0.9388	1.0169	1.0018	0.9746
1.3968	0.95642	1.0015	0.99934	1.0487
1.3975	0.954	0.96043	1.019	0.9983
1.3982	0.99084	1.0037	1.0251	0.99655
1.399	1.0148	0.97341	1.0119	1.0041
1.3997	0.95103	1.0201	0.99021	0.98023
1.4004	0.98918	1.0063	0.92656	1.0077
1.4011	0.9647	0.9718	0.99384	1.0123
1.4019	0.97222	1.017	1.0681	0.99494
1.4026	0.96412	0.95206	1.0124	1.0414
1.4033	1.0134	0.978	0.99005	1.0028
1.404	0.95363	1.0081	0.98053	1.023
1.4048	0.99507	0.95759	0.98022	1.0071
1.4055	0.98839	1.0138	1.0018	0.98698
1.4062	0.98102	1.0121	0.96338	0.98243
1.4069	0.99763	0.97507	1.0124	0.98212
1.4077	0.95928	0.9628	0.96984	1.0452
1.4084	0.98854	0.92803	0.99206	0.95055
1.4091	0.99877	0.9573	0.9812	0.99877
1.4099	0.99423	1.0195	1.049	0.99914
1.4106	1.0142	1.0164	1.0016	1.0591
1.4113	0.99008	0.98518	1.0209	1.0398
1.412	0.99956	0.94636	0.98486	0.96036
1.4128	0.95168	0.92092	0.99434	1.0482
1.4135	0.9528	0.95001	0.94093	0.94931
1.4142	0.98043	0.99997	1.0063	0.97555
1.4149	0.9606	1.0115	1.0052	0.99546
1.4157	1.0307	0.98747	0.98817	1.0216
1.4164	0.97394	1.0004	0.97185	0.96003
1.4171	0.98198	0.99518	0.9917	1.0355
1.4178	0.97333	0.99624	1.0455	1.0136
1.4186	0.9765	0.94876	1.0042	1.007
1.4193	0.98589	0.96511	0.99975	1.0143
1.42	0.99526	0.93782	1.0451	0.98973
1.4207	1.0088	0.96106	0.99425	1.0025
1.4215	0.95386	1.0084	1.0326	1.045
1.4222	0.97773	0.94668	0.98532	1.0378
1.4229	0.95536	0.98293	1.0153	1.0174
1.4237	0.97022	1.0088	1.006	1.0108
1.4244	0.98368	1.0133	1.0449	0.96373
1.4251	0.94969	0.95931	1.0115	1.0067
1.4258	0.99472	0.96794	1.0387	1.0181
1.4266	1.0218	0.9697	0.96627	0.97587
1.4273	0.9879	0.99338	1.0146	0.95433
1.428	0.97594	0.99374	0.98416	0.98895
1.4287	0.99136	1.0105	0.99409	0.96264
1.4295	0.98216	0.96576	0.9965	0.98625
1.4302	0.99003	0.95728	0.98662	0.97706
1.4309	0.98493	1.0115	1.0197	1.0054
1.4316	0.92333	0.96214	0.98938	0.96895
1.4324	0.97749	0.9911	1.0265	0.96049
1.4331	0.98058	0.95816	1.0186	0.99553
1.4338	1.0027	1.0081	0.98366	1.0319
1.4346	0.99623	0.94536	1.0634	1.0003
1.4353	0.95999	0.95457	0.99996	0.98031
1.436	0.96173	1.0057	0.97932	0.97188
1.4367	0.97495	1.004	0.99862	0.99929
1.4375	0.97262	0.97059	0.9868	1.0368
1.4382	0.95949	0.99323	0.9831	1.0243
1.4389	0.96998	0.9201	1.03	1.0529
1.4396	0.9589	1.0114	0.97237	0.96698