0.71386	5.05E-03
0.71459	6.72E-03
0.71532	4.03E-02
0.71604	9.21E-02
0.71677	0.18207
0.7175	0.3534
0.71822	0.66046
0.71895	0.92642
0.71968	1.4266
0.7204	1.9959
0.72113	2.4985
0.72185	3.0484
0.72258	3.7146
0.72331	4.1024
0.72403	4.289
0.72476	4.4013
0.72549	4.6599
0.72621	4.496
0.72694	4.4578
0.72767	4.3694
0.72839	4.3446
0.72912	4.1438
0.72985	4.1356
0.73057	4.1611
0.7313	4.1095
0.73203	3.9524
0.73275	3.8279
0.73348	3.8267
0.73421	3.894
0.73493	3.7369
0.73566	3.6312
0.73638	3.5323
0.73711	3.5617
0.73784	3.4238
0.73856	3.3321
0.73929	3.3962
0.74002	3.3253
0.74074	3.2891
0.74147	3.3373
0.7422	3.1578
0.74292	3.0319
0.74365	3.1191
0.74438	3.3035
0.7451	2.9215
0.74583	2.9744
0.74656	2.9101
0.74728	2.8245
0.74801	2.8252
0.74874	2.8534
0.74946	2.7699
0.75019	2.7402
0.75091	2.7288
0.75164	2.4835
0.75237	2.6455
0.75309	2.5572
0.75382	2.5341
0.75455	2.5112
0.75527	2.562
0.756	2.4835
0.75673	2.4308
0.75745	2.4231
0.75818	2.3214
0.75891	2.393
0.75963	2.3379
0.76036	2.32
0.76109	2.286
0.76181	2.3171
0.76254	2.1902
0.76327	2.2346
0.76399	2.1422
0.76472	2.1821
0.76544	2.1282
0.76617	2.0861
0.7669	2.0238
0.76762	2.0375
0.76835	1.9842
0.76908	1.9384
0.7698	1.9043
0.77053	1.9961
0.77126	1.8885
0.77198	1.8878
0.77271	1.8584
0.77344	1.8649
0.77416	1.8113
0.77489	1.8108
0.77562	1.9657
0.77634	1.8168
0.77707	1.6514
0.7778	1.7859
0.77852	1.7614
0.77925	1.7779
0.77997	1.7393
0.7807	1.7009
0.78143	1.5909
0.78215	1.6889
0.78288	1.564
0.78361	1.5709
0.78433	1.5749
0.78506	1.5456
0.78579	1.5358
0.78651	1.6092
0.78724	1.6589
0.78797	1.5218
0.78869	1.5038
0.78942	1.5671
0.79015	1.5024
0.79087	1.4914
0.7916	1.4284
0.79233	1.4422
0.79305	1.4163
0.79378	1.4682
0.7945	1.5022
0.79523	1.4181
0.79596	1.4141
0.79668	1.4629
0.79741	1.3321
0.79814	1.3822
0.79886	1.3097
0.79959	1.3825
0.80032	1.3733
0.80104	1.3521
0.80177	1.2776
0.8025	1.3379
0.80322	1.3528
0.80395	1.2879
0.80468	1.3784
0.8054	1.2991
0.80613	1.2532
0.80686	1.309
0.80758	1.2119
0.80831	1.1861
0.80903	1.2508
0.80976	1.2407
0.81049	1.2189
0.81121	1.1997
0.81194	1.1872
0.81267	1.1682
0.81339	1.301
0.81412	1.1135
0.81485	1.1658
0.81557	1.1753
0.8163	1.1629
0.81703	1.193
0.81775	1.128
0.81848	1.2067
0.81921	1.1675
0.81993	1.1488
0.82066	1.1277
0.82139	1.1142
0.82211	1.1605
0.82284	1.0634
0.82356	1.0755
0.82429	1.1165
0.82502	1.0931
0.82574	1.0824
0.82647	1.0252
0.8272	1.0485
0.82792	1.108
0.82865	1.0735
0.82938	1.0442
0.8301	1.086
0.83083	1.1102
0.83156	1.1145
0.83228	1.1274
0.83301	1.1007
0.83374	1.1259
0.83446	1.1104
0.83519	1.0224
0.83592	1.1471
0.83664	1.0654
0.83737	1.0587
0.83809	1.102
0.83882	1.0404
0.83955	1.0386
0.84027	1.0161
0.841	1.0544
0.84173	1.0223
0.84245	1.0459
0.84318	1.0103
0.84391	1.0495
0.84463	1.1199
0.84536	1.0844
0.84609	1.0669
0.84681	1.0388
0.84754	1.0238
0.84827	1.1306
0.84899	1.0227
0.84972	1.1006
0.85045	1.043
0.85117	0.99143
0.8519	1.0997
0.85262	1.0601
0.85335	1.0524
0.85408	1.0706
0.8548	1.0664
0.85553	1.0376
0.85626	1.0253
0.85698	1.0341
0.85771	1.0347
0.85844	1.0609
0.85916	1.0707
0.85989	1.0538
0.86062	1.066
0.86134	1.0711
0.86207	0.99539
0.8628	1.0848
0.86352	1.0933
0.86425	1.1122
0.86498	1.1183
0.8657	1.0168
0.86643	1.1123
0.86715	1.0865
0.86788	1.0835
0.86861	1.1352
0.86933	1.1548
0.87006	1.0804
0.87079	1.0933
0.87151	1.1434
0.87224	1.0829
0.87297	1.1284
0.87369	1.1276
0.87442	1.0999
0.87515	1.1687
0.87587	1.0996
0.8766	1.1335
0.87733	1.1372
0.87805	1.1008
0.87878	1.0968
0.87951	1.1482
0.88023	1.1054
0.88096	1.119
0.88168	1.1006
0.88241	1.2156
0.88314	1.1696
0.88386	1.0831
0.88459	1.1493
0.88532	1.0544
0.88604	1.1489
0.88677	1.1557
0.8875	1.1157
0.88822	1.1258
0.88895	1.0675
0.88968	1.21
0.8904	1.0976
0.89113	1.1239
0.89186	1.1188
0.89258	1.1095
0.89331	1.0754
0.89404	1.1059
0.89476	1.1341
0.89549	1.1526
0.89621	1.1197
0.89694	1.167
0.89767	1.1491
0.89839	1.0888
0.89912	1.0881
0.89985	1.1499
0.90057	1.1396
0.9013	1.2001
0.90203	1.079
0.90275	1.0993
0.90348	1.1291
0.90421	1.1934
0.90493	1.115
0.90566	1.1007
0.90639	1.148
0.90711	1.0971
0.90784	1.1495
0.90857	1.1113
0.90929	1.1085
0.91002	1.1368
0.91074	1.1008
0.91147	1.1342
0.9122	1.12
0.91292	1.1079
0.91365	1.1206
0.91438	1.1188
0.9151	1.1324
0.91583	1.0897
0.91656	1.1268
0.91728	1.076
0.91801	1.0855
0.91874	1.0655
0.91946	1.1207
0.92019	1.0804
0.92092	1.0594
0.92164	1.1315
0.92237	1.1136
0.9231	1.1058
0.92382	1.1051
0.92455	1.1264
0.92527	1.1006
0.926	1.1289
0.92673	1.0952
0.92745	1.1234
0.92818	1.0917
0.92891	1.0632
0.92963	1.0754
0.93036	1.0361
0.93109	1.0849
0.93181	1.0546
0.93254	1.0668
0.93327	1.0749
0.93399	1.0713
0.93472	1.0608
0.93545	1.067
0.93617	1.0526
0.9369	1.0754
0.93763	1.0855
0.93835	1.075
0.93908	1.0247
0.9398	1.026
0.94053	1.0526
0.94126	1.0945
0.94198	1.0706
0.94271	1.067
0.94344	1.0827
0.94416	1.0175
0.94489	1.0958
0.94562	1.119
0.94634	1.0819
0.94707	1.084
0.9478	1.0193
0.94852	1.0731
0.94925	1.0648
0.94998	1.0394
0.9507	1.0824
0.95143	1.0637
0.95216	1.0725
0.95288	1.0463
0.95361	1.0135
0.95433	1.0355
0.95506	1.0471
0.95579	1.1038
0.95651	1.044
0.95724	1.0752
0.95797	1.0745
0.95869	1.1074
0.95942	1.0181
0.96015	1.023
0.96087	1.0457
0.9616	1.0571
0.96233	1.0508
0.96305	1.0345
0.96378	1.0384
0.96451	1.0286
0.96523	0.96439
0.96596	1.0724
0.96669	1.0552
0.96741	0.98481
0.96814	1.0456
0.96886	1.0449
0.96959	1.0552
0.97032	1.0518
0.97104	1.053
0.97177	1.0405
0.9725	1.009
0.97322	1.013
0.97395	1.0567
0.97468	1.0406
0.9754	1.0364
0.97613	0.99522
0.97686	1.0027
0.97758	1.0542
0.97831	0.99079
0.97904	0.99827
0.97976	0.97713
0.98049	1.0105
0.98122	1.0331
0.98194	1.0573
0.98267	0.97846
0.98339	1.0516
0.98412	1.0695
0.98485	0.99537
0.98557	1.0178
0.9863	1.0021
0.98703	1.0218
0.98775	1.0133
0.98848	1.0056
0.98921	0.97697
0.98993	0.97817
0.99066	0.9916
0.99139	0.95173
0.99211	0.98782
0.99284	0.95591
0.99357	0.99624
0.99429	0.98871
0.99502	1.0575
0.99575	0.98236
0.99647	0.91179
0.9972	1.0537
0.99792	1.0599
0.99865	0.99128
0.99938	1.001
1.0001	1.0425
1.0008	1.0247
1.0016	0.97784
1.0023	1.0208
1.003	0.99377
1.0037	1.0204
1.0045	0.95603
1.0052	0.99286
1.0059	0.95242
1.0066	1.0247
1.0074	0.99196
1.0081	1.0142
1.0088	1.0169
1.0095	1.0348
1.0103	1.0098
1.011	1.0033
1.0117	0.94067
1.0125	1.0046
1.0132	0.95636
1.0139	0.99339
1.0146	1.047
1.0154	1.0047
1.0161	1.0083
1.0168	1.001
1.0175	0.99129
1.0183	0.97249
1.019	1
1.0197	0.99118
1.0204	0.97906
1.0212	0.99742
1.0219	1.0034
1.0226	0.95027
1.0234	0.95056
1.0241	0.97131
1.0248	0.96911
1.0255	0.99059
1.0263	0.91992
1.027	0.98941
1.0277	0.96039
1.0284	1.0012
1.0292	0.98442
1.0299	0.9539
1.0306	0.96306
1.0313	0.93831
1.0321	0.97163
1.0328	0.98153
1.0335	0.95042
1.0342	0.98759
1.035	0.97339
1.0357	0.98883
1.0364	0.96667
1.0372	1.0012
1.0379	0.97113
1.0386	0.97296
1.0393	1.0026
1.0401	1.0416
1.0408	0.96097
1.0415	1.0008
1.0422	0.9417
1.043	1.0098
1.0437	0.99501
1.0444	0.97632
1.0451	0.94982
1.0459	0.93517
1.0466	0.93387
1.0473	0.97482
1.0481	0.9805
1.0488	0.97836
1.0495	0.97857
1.0502	0.95776
1.051	0.94945
1.0517	1.0218
1.0524	0.94528
1.0531	0.93701
1.0539	0.98594
1.0546	0.94523
1.0553	0.97013
1.056	1.0011
1.0568	1.0236
1.0575	0.9293
1.0582	0.98397
1.059	0.96349
1.0597	0.95758
1.0604	0.93414
1.0611	0.96258
1.0619	0.97268
1.0626	0.95387
1.0633	0.9556
1.064	0.99978
1.0648	0.96889
1.0655	0.96001
1.0662	0.98135
1.0669	0.92348
1.0677	0.97944
1.0684	0.96532
1.0691	0.98954
1.0698	1.0084
1.0706	0.94942
1.0713	0.98253
1.072	1.023
1.0728	0.94407
1.0735	0.99939
1.0742	1.0099
1.0749	0.98778
1.0757	0.91599
1.0764	0.97919
1.0771	0.986
1.0778	1.0172
1.0786	0.96933
1.0793	0.98866
1.08	0.94981
1.0807	0.99114
1.0815	0.98321
1.0822	0.96943
1.0829	0.94618
1.0837	1.0085
1.0844	0.9816
1.0851	0.95914
1.0858	0.94913
1.0866	0.95513
1.0873	1.0105
1.088	0.96128
1.0887	1.0194
1.0895	0.92112
1.0902	0.9921
1.0909	1.0066
1.0916	0.93113
1.0924	0.96944
1.0931	0.9581
1.0938	1.0063
1.0945	0.95126
1.0953	0.94714
1.096	0.95874
1.0967	0.99457
1.0975	0.93127
1.0982	0.93644
1.0989	0.96718
1.0996	0.98364
1.1004	1.005
1.1011	0.94849
1.1018	0.93027
1.1025	1.0011
1.1033	0.94757
1.104	0.94069
1.1047	0.98516
1.1054	0.95226
1.1062	0.99099
1.1069	0.92805
1.1076	0.9723
1.1084	0.96893
1.1091	0.99696
1.1098	0.95176
1.1105	1.0083
1.1113	0.99792
1.112	0.93138
1.1127	1.0459
1.1134	0.94625
1.1142	0.96438
1.1149	0.96105
1.1156	0.96738
1.1163	0.99642
1.1171	1.0398
1.1178	0.97529
1.1185	1.0152
1.1193	0.96591
1.12	1.0283
1.1207	1.0529
1.1214	0.94783
1.1222	0.9834
1.1229	0.91135
1.1236	0.95639
1.1243	0.93886
1.1251	1.0054
1.1258	0.95404
1.1265	0.98798
1.1272	0.932
1.128	1.0151
1.1287	1.0165
1.1294	0.96205
1.1301	0.96954
1.1309	0.99111
1.1316	0.96102
1.1323	0.97117
1.1331	0.97327
1.1338	0.99405
1.1345	1.0108
1.1352	0.96887
1.136	1.0328
1.1367	0.93783
1.1374	0.99103
1.1381	0.95333
1.1389	1.0229
1.1396	0.97997
1.1403	0.96091
1.141	0.98275
1.1418	1.023
1.1425	1.0105
1.1432	0.94355
1.144	0.94563
1.1447	0.94771
1.1454	0.99033
1.1461	0.98907
1.1469	1.0087
1.1476	0.98462
1.1483	0.98663
1.149	0.97368
1.1498	1.0004
1.1505	0.96603
1.1512	0.97
1.1519	1.0011
1.1527	0.95399
1.1534	1.005
1.1541	0.94321
1.1548	1.0411
1.1556	0.99739
1.1563	0.95763
1.157	0.98592
1.1578	0.98468
1.1585	0.95019
1.1592	1.0122
1.1599	0.9746
1.1607	0.98358
1.1614	0.97598
1.1621	0.97476
1.1628	0.99259
1.1636	1.0009
1.1643	0.99707
1.165	0.98824
1.1657	0.98385
1.1665	1.006
1.1672	1.0085
1.1679	1.0525
1.1687	0.99782
1.1694	0.99909
1.1701	0.99973
1.1708	0.94841
1.1716	0.95161
1.1723	0.96229
1.173	0.98855
1.1737	0.95867
1.1745	0.95562
1.1752	1.0153
1.1759	0.97684
1.1766	1.0221
1.1774	0.98124
1.1781	1.0245
1.1788	1.0023
1.1795	1.0109
1.1803	1.0608
1.181	0.95429
1.1817	1.0004
1.1825	0.97589
1.1832	0.97162
1.1839	1.0408
1.1846	0.99859
1.1854	1.0212
1.1861	1.0029
1.1868	0.97178
1.1875	0.98276
1.1883	1.0211
1.189	0.97489
1.1897	1.0071
1.1904	0.94042
1.1912	1.0203
1.1919	1.0016
1.1926	0.97862
1.1934	1.0172
1.1941	0.98286
1.1948	1.0045
1.1955	1.0099
1.1963	0.96249
1.197	1.0134
1.1977	0.98528
1.1984	0.98528
1.1992	0.99602
1.1999	0.98171
1.2006	1.0139
1.2013	0.97993
1.2021	0.99715
1.2028	1.0019
1.2035	1.0208
1.2043	0.99177
1.205	1.0201
1.2057	0.98112
1.2064	0.95517
1.2072	0.97169
1.2079	0.99229
1.2086	0.95291
1.2093	0.98169
1.2101	0.98051
1.2108	1.0209
1.2115	0.96179
1.2122	1.0266
1.213	0.97582
1.2137	0.99795
1.2144	0.93857
1.2151	0.9729
1.2159	0.97987
1.2166	0.95087
1.2173	1.0349
1.2181	0.98388
1.2188	1.0231
1.2195	0.96711
1.2202	0.96193
1.221	0.98726
1.2217	0.96999
1.2224	0.98032
1.2231	1.0061
1.2239	0.97914
1.2246	0.95967
1.2253	0.97854
1.226	0.97509
1.2268	0.97622
1.2275	0.98475
1.2282	0.95514
1.229	0.9739
1.2297	0.99885
1.2304	0.94042
1.2311	0.96762
1.2319	0.95687
1.2326	0.96873
1.2333	0.97549
1.234	0.97096
1.2348	0.99627
1.2355	0.97711
1.2362	1.0113
1.2369	0.98491
1.2377	0.95182
1.2384	0.95406
1.2391	1.006
1.2398	0.97974
1.2406	0.96633
1.2413	0.92677
1.242	0.95572
1.2428	0.98906
1.2435	0.9607
1.2442	0.93852
1.2449	1.0022
1.2457	0.9861
1.2464	0.9949
1.2471	1.0064
1.2478	0.96723
1.2486	0.96776
1.2493	0.98203
1.25	0.99132
1.2507	0.94409
1.2515	0.96765
1.2522	0.96708
1.2529	0.97416
1.2537	0.94682
1.2544	1.0068
1.2551	0.96642
1.2558	0.97128
1.2566	0.9881
1.2573	0.98261
1.258	0.96575
1.2587	0.97764
1.2595	0.9619
1.2602	0.96242
1.2609	0.98182
1.2616	0.96505
1.2624	0.95209
1.2631	0.94078
1.2638	0.97785
1.2646	0.95257
1.2653	0.94612
1.266	0.95039
1.2667	0.96374
1.2675	1.0091
1.2682	0.98447
1.2689	0.94284
1.2696	0.98382
1.2704	0.93377
1.2711	0.96617
1.2718	0.98257
1.2725	0.94488
1.2733	0.95016
1.274	0.98133
1.2747	0.95222
1.2754	0.94058
1.2762	0.95321
1.2769	0.95318
1.2776	0.94684
1.2784	0.91688
1.2791	0.97931
1.2798	0.96772
1.2805	0.93103
1.2813	1.0053
1.282	0.92162
1.2827	0.94509
1.2834	0.96121
1.2842	0.98146
1.2849	1.0053
1.2856	0.9538
1.2863	1.0025
1.2871	0.99723
1.2878	0.96868
1.2885	0.96604
1.2893	0.96702
1.29	0.98295
1.2907	0.95917
1.2914	0.98434
1.2922	0.98169
1.2929	0.94208
1.2936	0.98205
1.2943	0.95277
1.2951	0.95273
1.2958	0.97159
1.2965	0.97204
1.2972	0.97962
1.298	0.97088
1.2987	0.95911
1.2994	0.95295
1.3001	0.93615
1.3009	0.9701
1.3016	0.94977
1.3023	0.95427
1.3031	0.99213
1.3038	0.95013
1.3045	1.0227
1.3052	0.92535
1.306	0.91476
1.3067	0.93334
1.3074	0.97197
1.3081	0.92575
1.3089	0.94276
1.3096	0.95622
1.3103	0.92717
1.311	0.93713
1.3118	0.94307
1.3125	0.95897
1.3132	0.98179
1.314	0.97474
1.3147	0.98161
1.3154	0.93936
1.3161	0.98291
1.3169	0.97243
1.3176	0.99261
1.3183	0.97127
1.319	0.90065
1.3198	0.97357
1.3205	0.96708
1.3212	1.0142
1.3219	0.98264
1.3227	0.95114
1.3234	0.95892
1.3241	0.94857
1.3248	1.0091
1.3256	0.95479
1.3263	0.9596
1.327	0.97707
1.3278	0.96432
1.3285	0.95986
1.3292	0.95104
1.3299	0.95825
1.3307	0.9446
1.3314	0.97359
1.3321	0.93964
1.3328	0.96325
1.3336	0.95786
1.3343	0.98188
1.335	0.98804
1.3357	0.94897
1.3365	0.94265
1.3372	0.95698
1.3379	0.97416
1.3387	0.94485
1.3394	0.95626
1.3401	0.96526
1.3408	0.97806
1.3416	0.9565
1.3423	0.9626
1.343	0.94491
1.3437	0.9629
1.3445	1.0013
1.3452	0.97837
1.3459	0.94699
1.3466	0.96679
1.3474	0.9667
1.3481	0.98502
1.3488	0.97216
1.3496	0.95934
1.3503	0.97431
1.351	0.96762
1.3517	0.97268
1.3525	0.98524
1.3532	0.91998
1.3539	0.97424
1.3546	0.94279
1.3554	0.95673
1.3561	0.96784
1.3568	0.94676
1.3575	0.95459
1.3583	0.93032
1.359	0.96185
1.3597	0.96453
1.3604	0.94078
1.3612	0.93932
1.3619	0.9434
1.3626	0.95719
1.3634	0.91969
1.3641	0.95515
1.3648	0.99053
1.3655	0.97245
1.3663	0.94245
1.367	0.96579
1.3677	0.94779
1.3684	0.96511
1.3692	0.97553
1.3699	0.99142
1.3706	0.94971
1.3713	0.96924
1.3721	0.96092
1.3728	0.97129
1.3735	0.97663
1.3743	0.95242
1.375	0.96095
1.3757	0.98578
1.3764	0.98927
1.3772	0.94886
1.3779	0.94153
1.3786	0.98073
1.3793	0.93865
1.3801	0.99263
1.3808	0.99024
1.3815	0.9267
1.3822	0.93875
1.383	1.0087
1.3837	0.92826
1.3844	0.94206
1.3851	0.95986
1.3859	0.96779
1.3866	0.98195
1.3873	0.99252
1.3881	0.98747
1.3888	1.006
1.3895	0.93962
1.3902	0.93909
1.391	0.94609
1.3917	0.96593
1.3924	0.97023
1.3931	0.98293
1.3939	0.96644
1.3946	0.95661
1.3953	0.95165
1.396	0.95682
1.3968	0.9655
1.3975	0.98867
1.3982	0.94857
1.399	0.97258
1.3997	0.96763
1.4004	0.96969
1.4011	0.95732
1.4019	0.94279
1.4026	0.95752
1.4033	0.93038
1.404	0.939
1.4048	0.95803
1.4055	0.97442
1.4062	0.94433
1.4069	0.95506
1.4077	0.93935
1.4084	1.0232
1.4091	0.95254
1.4099	0.9874
1.4106	0.96007
1.4113	0.96511
1.412	0.95293
1.4128	0.97087
1.4135	0.96558
1.4142	0.92039
1.4149	0.97603
1.4157	0.96089
1.4164	0.96889
1.4171	0.95679
1.4178	0.95026
1.4186	0.91815
1.4193	0.94533
1.42	0.95841
1.4207	0.99101
1.4215	0.97174
1.4222	0.94571
1.4229	0.95238
1.4237	0.96496
1.4244	0.96566
1.4251	0.99003
1.4258	0.95525
1.4266	0.98085
1.4273	0.96595
1.428	0.98011
1.4287	1.014
1.4295	0.93991
1.4302	0.95112
1.4309	0.95812
1.4316	0.96217
1.4324	0.95994
1.4331	1.0007
1.4338	0.93796
1.4346	0.9762
1.4353	0.93189
1.436	0.97215
1.4367	0.94622
1.4375	0.96562
1.4382	0.93435
1.4389	0.9732
1.4396	0.93578